0.000,4.86
0.002,4.85
0.004,4.85
0.005,4.84
0.007,4.84
0.009,4.84
0.011,4.84
0.020,4.85
0.032,4.86
0.046,4.84
0.058,4.84
0.070,4.85
0.082,4.86
0.095,4.85
0.108,4.84
0.120,4.85
0.133,4.86
0.145,4.85
0.157,4.86
0.171,4.85
0.183,4.84
0.195,4.82
0.207,4.83
0.220,4.85
0.232,4.84
0.245,4.82
0.258,4.82
0.270,4.84
0.282,4.82
0.294,4.81
0.308,4.82
0.320,4.83
0.332,4.82
0.345,4.80
0.357,4.80
0.370,4.82
0.382,4.80
0.395,4.78
0.407,4.79
0.419,4.80
0.432,4.79
0.445,4.78
0.457,4.78
0.470,4.79
0.482,4.78
0.494,4.77
0.507,4.78
0.520,4.78
0.532,4.78
0.544,4.76
0.557,4.77
0.570,4.78
0.582,4.77
0.594,4.76
0.607,4.76
0.619,4.78
0.631,4.76
0.645,4.75
0.657,4.76
0.669,4.76
0.681,4.67
0.694,4.57
0.707,4.50
0.719,4.44
0.732,4.36
0.744,4.29
0.756,4.22
0.770,4.17
0.782,4.11
0.794,4.04
0.806,3.98
0.819,3.93
0.831,3.87
0.844,3.80
0.857,3.75
0.869,3.70
0.881,3.65
0.893,3.59
0.907,3.54
0.919,3.50
0.931,3.46
0.944,3.40
0.956,3.35
0.969,3.32
0.982,3.27
0.994,3.22
1.006,3.18
1.018,3.15
1.031,3.10
1.044,3.05
1.056,3.02
1.069,2.99
1.081,2.95
1.093,2.90
1.106,2.87
1.119,2.84
1.131,2.81
1.143,2.76
1.156,2.73
1.169,2.70
1.181,2.67
1.193,2.62
1.206,2.60
1.218,2.58
1.230,2.54
1.244,2.50
1.256,2.47
1.268,2.45
1.281,2.42
1.293,2.39
1.306,2.36
1.318,2.34
1.331,2.31
1.343,2.28
1.355,2.25
1.369,2.24
1.381,2.21
1.393,2.17
1.405,2.16
1.418,2.14
1.430,2.11
1.443,2.08
1.456,2.06
1.468,2.04
1.480,2.02
1.492,1.99
1.506,1.97
1.518,1.96
1.530,1.94
1.543,1.91
1.555,1.89
1.568,1.88
1.581,1.86
1.593,1.83
1.605,1.81
1.617,1.80
1.630,1.78
1.643,1.76
1.655,1.74
1.668,1.73
1.680,1.71
1.692,1.69
1.705,1.67
1.718,1.66
1.730,1.64
1.742,1.62
1.755,1.60
1.768,1.59
1.780,1.58
1.793,1.55
1.805,1.54
1.817,1.53
1.829,1.52
1.843,1.50
1.855,1.48
1.867,1.47
1.880,1.46
1.892,1.44
1.905,1.42
1.917,1.42
1.930,1.41
1.942,1.38
1.954,1.37
1.968,1.37
1.980,1.35
1.992,1.33
2.004,1.32
2.017,1.32
2.029,1.30
2.042,1.29
2.055,1.28
2.067,1.28
2.079,1.26
2.092,1.24
2.105,1.23
2.117,1.23
2.129,1.21
2.142,1.20
2.154,1.18
2.167,1.18
2.180,1.17
2.192,1.15
2.204,1.14
2.216,1.14
2.229,1.13
2.242,1.11
2.254,1.10
2.267,1.10
2.279,1.09
2.291,1.07
2.305,1.06
2.317,1.06
2.329,1.05
2.341,1.04
2.354,1.03
2.367,1.03
2.379,1.02
2.392,1.00
2.404,0.99
2.416,0.99
2.428,0.99
2.442,0.97
2.454,0.96
2.466,0.96
2.479,0.95
2.491,0.94
2.504,0.93
2.516,0.93
2.529,0.93
2.541,0.91
2.553,0.90
2.567,0.90
2.579,0.90
2.591,0.88
2.604,0.87
2.616,0.87
2.628,0.87
2.641,0.86
2.654,0.85
2.666,0.85
2.678,0.84
2.691,0.83
2.704,0.82
2.716,0.82
2.728,0.82
2.741,0.80
2.753,0.79
2.766,0.80
2.779,0.79
2.791,0.78
2.803,0.77
2.816,0.77
2.828,0.77
2.841,0.76
2.853,0.75
2.866,0.75
2.878,0.75
2.890,0.73
2.904,0.73
2.916,0.73
2.928,0.73
2.940,0.71
2.953,0.71
2.966,0.71
2.978,0.71
2.991,0.69
3.003,0.69
3.015,0.69
3.027,0.69
3.041,0.67
3.053,0.66
3.065,0.67
3.078,0.66
3.090,0.65
3.103,0.65
3.116,0.65
3.128,0.65
3.140,0.64
3.152,0.63
3.166,0.63
3.178,0.64
3.190,0.62
3.203,0.61
3.215,0.62
3.227,0.62
3.240,0.61
3.253,0.60
3.265,0.61
3.277,0.61
3.290,0.60
3.303,0.59
3.315,0.60
3.328,0.59
3.340,0.58
3.352,0.58
3.365,0.58
3.378,0.58
3.390,0.57
3.402,0.57
3.415,0.57
3.427,0.57
3.440,0.56
3.452,0.55
3.465,0.56
3.477,0.56
3.489,0.55
3.503,0.54
3.515,0.54
3.527,0.55
3.539,0.54
3.552,0.53
3.565,0.53
3.577,0.53
3.590,0.52
3.602,0.52
3.614,0.52
3.627,0.52
3.640,0.51
3.652,0.50
3.664,0.51
3.677,0.51
3.689,0.50
3.702,0.49
3.715,0.50
3.727,0.50
3.739,0.49
3.751,0.48
3.765,0.48
3.777,0.48
3.789,0.48
3.802,0.47
3.814,0.47
3.826,0.47
3.840,0.47
3.852,0.46
3.864,0.46
3.876,0.46
3.889,0.45
3.902,0.45
3.914,0.45
3.927,0.45
3.939,0.44
3.951,0.44
3.964,0.44
3.977,0.44
3.989,0.43
4.001,0.43
4.014,0.43
4.026,0.43
4.039,0.43
4.051,0.42
4.064,0.42
4.076,0.42
4.088,0.41
4.102,0.41
4.114,0.41
4.126,0.41
4.139,0.40
4.151,0.40
4.164,0.40
4.176,0.40
4.189,0.39
4.201,0.39
4.213,0.39
4.226,0.39
4.239,0.38
4.251,0.38
4.263,0.38
4.276,0.38
4.288,0.38
4.301,0.37
4.314,0.37
4.326,0.37
4.338,0.37
4.350,0.36
4.364,0.36
4.376,0.37
4.388,0.36
4.401,0.35
4.413,0.36
4.425,0.36
4.439,0.35
4.451,0.35
4.463,0.35
4.475,0.36
4.488,0.35
4.501,0.34
4.513,0.35
4.526,0.35
4.538,0.34
4.550,0.34
4.563,0.34
4.576,0.34
4.588,0.34
4.600,0.33
4.613,0.34
4.625,0.34
4.638,0.33
4.651,0.33
4.663,0.33
4.675,0.33
4.687,0.32
4.701,0.32
4.713,0.32
4.725,0.32
4.738,0.32
4.750,0.31
4.763,0.32
4.775,0.32
4.788,0.31
4.800,0.31
4.812,0.31
4.825,0.31
4.838,0.31
4.850,0.30
4.862,0.30
4.875,0.31
4.887,0.31
4.900,0.30
4.913,0.30
4.925,0.31
4.937,0.30
4.950,0.29
4.963,0.30
4.975,0.30
4.987,0.29
5.000,0.29
5.012,0.29
5.024,0.29
5.038,0.29
5.050,0.28
5.062,0.29
5.074,0.29
5.087,0.28
5.100,0.27
5.112,0.28
5.125,0.28
5.137,0.28
5.149,0.27
5.163,0.28
5.175,0.28
5.187,0.28
5.199,0.26
5.212,0.27
5.224,0.28
5.237,0.27
5.250,0.26
5.262,0.27
5.274,0.28
5.286,0.27
5.300,0.26
5.312,0.27
5.324,0.27
5.337,0.27
5.349,0.26
5.362,0.26
5.374,0.27
5.387,0.26
5.399,0.26
5.411,0.25
5.424,0.27
5.437,0.26
5.449,0.25
5.462,0.26
5.474,0.26
5.486,0.25
5.499,0.24
5.512,0.25
5.524,0.26
5.536,0.25
5.549,0.24
5.562,0.25
5.574,0.25
5.586,0.25
5.599,0.24
5.611,0.24
5.623,0.25
5.637,0.24
5.649,0.23
5.661,0.24
5.673,0.25
5.686,0.24
5.699,0.23
5.711,0.24
5.724,0.24
5.736,0.24
5.748,0.23
5.762,0.23
5.774,0.24
5.786,0.24
5.798,0.22
5.811,0.23
5.823,0.24
5.836,0.23
5.849,0.22
5.861,0.22
5.873,0.23
5.885,0.23
5.899,0.22
5.911,0.22
5.923,0.23
5.936,0.23
5.948,0.22
5.961,0.22
5.974,0.23
5.986,0.22
5.998,0.22
6.010,0.22
6.023,0.22
6.036,0.22
6.048,0.21
6.061,0.22
6.073,0.22
6.085,0.22
6.098,0.21
6.111,0.21
6.123,0.22
6.135,0.22
6.148,0.21
6.161,0.21
6.173,0.22
6.185,0.22
6.198,0.21
6.210,0.21
6.222,0.22
6.236,0.21
6.248,0.20
6.260,0.21
6.273,0.22
6.285,0.21
6.298,0.20
6.310,0.21
6.323,0.21
6.335,0.21
6.347,0.20
6.361,0.20
6.373,0.21
6.385,0.21
6.397,0.20
6.410,0.20
6.422,0.21
6.435,0.20
6.448,0.19
6.460,0.20
6.472,0.21
6.484,0.20
6.498,0.19
6.510,0.19
6.522,0.20
6.535,0.20
6.547,0.19
6.560,0.19
6.573,0.20
6.585,0.20
6.597,0.19
6.609,0.19
6.622,0.20
6.635,0.19
6.647,0.19
6.660,0.19
6.672,0.19
6.684,0.19
6.697,0.18
6.710,0.18
6.722,0.19
6.734,0.19
6.747,0.18
6.760,0.18
6.772,0.19
6.785,0.19
6.797,0.18
6.809,0.18
6.821,0.20
6.835,0.19
6.847,0.18
6.859,0.18
6.872,0.19
6.884,0.19
6.897,0.18
6.909,0.18
6.922,0.19
6.934,0.19
6.946,0.18
6.960,0.18
6.972,0.19
6.984,0.18
6.996,0.17
7.009,0.17
7.021,0.18
7.034,0.18
7.047,0.17
7.059,0.17
7.071,0.18
7.084,0.18
7.097,0.17
7.109,0.17
7.121,0.18
7.134,0.18
7.146,0.17
7.159,0.17
7.172,0.18
7.184,0.18
7.196,0.17
7.208,0.17
7.221,0.18
7.234,0.18
7.246,0.17
7.259,0.17
7.271,0.18
7.283,0.18
7.297,0.17
7.309,0.17
7.321,0.18
7.333,0.18
7.346,0.17
7.359,0.17
7.371,0.18
7.384,0.18
7.396,0.17
7.408,0.17
7.420,0.18
7.434,0.18
7.446,0.17
7.458,0.17
7.471,0.18
7.483,0.18
7.496,0.16
7.508,0.17
7.521,0.18
7.533,0.17
7.545,0.17
7.559,0.16
7.571,0.18
7.583,0.17
7.596,0.16
7.608,0.16
7.620,0.18
7.633,0.17
7.646,0.16
7.658,0.16
7.670,0.18
7.683,0.17
7.696,0.16
7.708,0.16
7.720,0.18
7.733,0.17
7.745,0.16
7.758,0.16
7.771,0.17
7.783,0.18
7.795,0.16
7.808,0.16
7.820,0.17
7.833,0.17
7.845,0.16
7.858,0.16
7.870,0.17
7.882,0.17
7.896,0.16
7.908,0.16
7.920,0.17
7.932,0.17
7.945,0.16
7.958,0.16
7.970,0.17
7.983,0.17
7.995,0.16
8.007,0.16
8.019,0.17
8.033,0.16
8.045,0.15
8.057,0.16
8.070,0.16
8.082,0.16
8.095,0.16
8.108,0.16
8.120,0.16
8.132,0.16
8.144,0.15
8.158,0.15
8.170,0.16
8.182,0.16
8.195,0.15
8.207,0.15
8.219,0.16
8.232,0.16
8.245,0.15
8.257,0.15
8.269,0.16
8.282,0.16
8.295,0.15
8.307,0.15
8.320,0.16
8.332,0.16
8.344,0.15
8.357,0.15
8.370,0.16
8.382,0.16
8.394,0.15
8.407,0.15
8.419,0.16
8.432,0.16
8.444,0.15
8.457,0.15
8.469,0.16
8.481,0.16
8.495,0.15
8.507,0.15
8.519,0.16
8.531,0.16
8.544,0.15
8.557,0.15
8.569,0.16
8.582,0.15
8.594,0.15
8.606,0.14
8.619,0.16
8.632,0.15
8.644,0.15
8.656,0.14
8.669,0.15
8.681,0.15
8.694,0.14
8.707,0.14
8.719,0.15
8.731,0.15
8.743,0.14
8.757,0.14
8.769,0.15
8.781,0.15
8.794,0.14
8.806,0.14
8.818,0.15
8.832,0.15
8.844,0.14
8.856,0.14
8.868,0.15
8.8