0,4.37,
0.002,4.37,
0.004,4.37,
0.006,4.37,
0.008,4.37,
0.01,4.37,
0.012,4.37,
0.024,4.36,
0.036,4.35,
0.05,4.35,
0.062,4.34,
0.074,4.33,
0.087,4.32,
0.099,4.31,
0.112,4.3,
0.124,4.3,
0.137,4.29,
0.149,4.28,
0.161,4.27,
0.175,4.26,
0.187,4.25,
0.199,4.24,
0.211,4.24,
0.224,4.23,
0.236,4.22,
0.249,4.21,
0.262,4.2,
0.274,4.19,
0.286,4.18,
0.299,4.17,
0.312,4.16,
0.324,4.16,
0.336,4.15,
0.349,4.14,
0.361,4.13,
0.374,4.13,
0.387,4.12,
0.399,4.11,
0.411,4.1,
0.423,4.1,
0.436,4.09,
0.449,4.08,
0.461,4.07,
0.474,4.06,
0.486,4.05,
0.498,4.04,
0.512,4.04,
0.524,4.03,
0.536,4.02,
0.548,4.01,
0.561,4.01,
0.574,4,
0.586,3.99,
0.599,3.98,
0.611,3.98,
0.623,3.97,
0.635,3.96,
0.649,3.95,
0.661,3.94,
0.673,3.93,
0.686,3.93,
0.698,3.92,
0.711,3.91,
0.723,3.91,
0.736,3.9,
0.748,3.89,
0.76,3.89,
0.774,3.88,
0.786,3.87,
0.798,3.86,
0.811,3.86,
0.823,3.85,
0.835,3.84,
0.848,3.83,
0.861,3.82,
0.873,3.82,
0.885,3.81,
0.898,3.8,
0.911,3.8,
0.923,3.79,
0.935,3.78,
0.948,3.77,
0.96,3.77,
0.973,3.75,
0.986,3.75,
0.998,3.74,
1.01,3.73,
1.022,3.72,
1.035,3.71,
1.048,3.7,
1.06,3.7,
1.073,3.69,
1.085,3.68,
1.097,3.68,
1.111,3.67,
1.123,3.66,
1.135,3.65,
1.147,3.64,
1.16,3.64,
1.173,3.63,
1.185,3.62,
1.198,3.61,
1.21,3.61,
1.222,3.6,
1.234,3.59,
1.248,3.59,
1.26,3.58,
1.272,3.57,
1.285,3.56,
1.297,3.55,
1.31,3.55,
1.323,3.54,
1.335,3.53,
1.347,3.53,
1.359,3.52,
1.373,3.51,
1.385,3.5,
1.397,3.5,
1.41,3.49,
1.422,3.48,
1.434,3.48,
1.447,3.48,
1.46,3.47,
1.472,3.47,
1.484,3.46,
1.497,3.45,
1.51,3.45,
1.522,3.44,
1.534,3.43,
1.547,3.43,
1.559,3.42,
1.572,3.41,
1.585,3.41,
1.597,3.4,
1.609,3.39,
1.622,3.39,
1.634,3.38,
1.647,3.37,
1.659,3.37,
1.672,3.36,
1.684,3.35,
1.696,3.34,
1.71,3.34,
1.722,3.33,
1.734,3.32,
1.746,3.31,
1.759,3.31,
1.772,3.3,
1.784,3.29,
1.797,3.28,
1.809,3.28,
1.821,3.27,
1.833,3.26,
1.847,3.26,
1.859,3.26,
1.871,3.25,
1.884,3.24,
1.896,3.24,
1.909,3.23,
1.922,3.23,
1.934,3.22,
1.946,3.21,
1.958,3.21,
1.972,3.2,
1.984,3.19,
1.996,3.18,
2.009,3.18,
2.021,3.17,
2.033,3.17,
2.046,3.16,
2.059,3.15,
2.071,3.15,
2.083,3.14,
2.096,3.14,
2.109,3.13,
2.121,3.13,
2.134,3.12,
2.146,3.11,
2.158,3.11,
2.171,3.1,
2.184,3.09,
2.196,3.09,
2.208,3.08,
2.221,3.08,
2.233,3.07,
2.246,3.07,
2.258,3.06,
2.271,3.05,
2.283,3.04,
2.295,3.04,
2.309,3.04,
2.321,3.03,
2.333,3.03,
2.345,3.02,
2.358,3.02,
2.371,3.01,
2.383,3,
2.396,3,
2.408,3,
2.42,2.99,
2.433,2.98,
2.446,2.97,
2.458,2.97,
2.47,2.96,
2.483,2.96,
2.495,2.95,
2.508,2.95,
2.521,2.94,
2.533,2.93,
2.545,2.93,
2.557,2.92,
2.571,2.92,
2.583,2.91,
2.595,2.9,
2.608,2.9,
2.62,2.89,
2.632,2.89,
2.646,2.88,
2.658,2.88,
2.67,2.87,
2.682,2.87,
2.695,2.86,
2.708,2.86,
2.72,2.85,
2.733,2.85,
2.745,2.84,
2.757,2.83,
2.77,2.83,
2.783,2.83,
2.795,2.82,
2.807,2.82,
2.82,2.81,
2.832,2.8,
2.845,2.8,
2.857,2.8,
2.87,2.79,
2.882,2.78,
2.894,2.78,
2.908,2.77,
2.92,2.77,
2.932,2.76,
2.945,2.76,
2.957,2.75,
2.97,2.75,
2.982,2.74,
2.995,2.74,
3.007,2.74,
3.019,2.73,
3.032,2.73,
3.045,2.72,
3.057,2.71,
3.069,2.71,
3.082,2.7,
3.094,2.7,
3.107,2.69,
3.12,2.69,
3.132,2.68,
3.144,2.68,
3.156,2.67,
3.17,2.67,
3.182,2.66,
3.194,2.66,
3.207,2.65,
3.219,2.65,
3.231,2.64,
3.245,2.64,
3.257,2.63,
3.269,2.63,
3.281,2.62,
3.294,2.62,
3.307,2.61,
3.319,2.61,
3.332,2.61,
3.344,2.6,
3.356,2.59,
3.369,2.59,
3.382,2.59,
3.394,2.58,
3.406,2.58,
3.419,2.57,
3.431,2.57,
3.444,2.56,
3.457,2.56,
3.469,2.55,
3.481,2.55,
3.493,2.54,
3.507,2.54,
3.519,2.54,
3.531,2.53,
3.544,2.52,
3.556,2.52,
3.569,2.51,
3.581,2.51,
3.594,2.5,
3.606,2.5,
3.618,2.5,
3.631,2.49,
3.644,2.48,
3.656,2.48,
3.668,2.47,
3.681,2.47,
3.693,2.46,
3.706,2.46,
3.719,2.46,
3.731,2.45,
3.743,2.45,
3.756,2.44,
3.769,2.44,
3.781,2.43,
3.793,2.43,
3.806,2.42,
3.818,2.42,
3.83,2.41,
3.844,2.41,
3.856,2.41,
3.868,2.4,
3.88,2.4,
3.893,2.39,
3.906,2.39,
3.918,2.39,
3.931,2.38,
3.943,2.38,
3.955,2.38,
3.969,2.37,
3.981,2.37,
3.993,2.36,
4.005,2.36,
4.018,2.35,
4.03,2.35,
4.043,2.35,
4.056,2.34,
4.068,2.34,
4.08,2.33,
4.092,2.33,
4.106,2.32,
4.118,2.32,
4.13,2.31,
4.143,2.31,
4.155,2.31,
4.168,2.3,
4.18,2.3,
4.193,2.29,
4.205,2.29,
4.217,2.28,
4.23,2.28,
4.243,2.28,
4.255,2.27,
4.268,2.27,
4.28,2.27,
4.292,2.26,
4.305,2.26,
4.318,2.25,
4.33,2.24,
4.342,2.24,
4.355,2.24,
4.368,2.24,
4.38,2.23,
4.392,2.22,
4.405,2.22,
4.417,2.22,
4.429,2.21,
4.443,2.21,
4.455,2.21,
4.467,2.2,
4.48,2.2,
4.492,2.2,
4.505,2.19,
4.517,2.19,
4.53,2.18,
4.542,2.18,
4.554,2.17,
4.568,2.17,
4.58,2.17,
4.592,2.17,
4.604,2.16,
4.617,2.16,
4.629,2.16,
4.642,2.15,
4.655,2.15,
4.667,2.14,
4.679,2.14,
4.691,2.13,
4.705,2.13,
4.717,2.13,
4.729,2.12,
4.742,2.12,
4.754,2.12,
4.767,2.11,
4.78,2.11,
4.792,2.11,
4.804,2.1,
4.816,2.1,
4.829,2.09,
4.842,2.09,
4.854,2.09,
4.867,2.08,
4.879,2.08,
4.891,2.07,
4.904,2.07,
4.917,2.07,
4.929,2.06,
4.941,2.06,
4.954,2.06,
4.967,2.05,
4.979,2.05,
4.992,2.04,
5.004,2.04,
5.016,2.03,
5.028,2.03,
5.042,2.03,
5.054,2.02,
5.066,2.02,
5.079,2.02,
5.091,2.01,
5.104,2.01,
5.116,2.01,
5.129,2,
5.141,2,
5.153,1.99,
5.167,1.99,
5.179,1.99,
5.191,1.98,
5.203,1.98,
5.216,1.98,
5.228,1.97,
5.241,1.97,
5.254,1.96,
5.266,1.96,
5.278,1.96,
5.291,1.96,
5.304,1.96,
5.316,1.95,
5.328,1.95,
5.341,1.94,
5.353,1.94,
5.366,1.94,
5.379,1.93,
5.391,1.93,
5.403,1.93,
5.415,1.93,
5.428,1.92,
5.441,1.92,
5.453,1.91,
5.466,1.91,
5.478,1.91,
5.49,1.9,
5.504,1.9,
5.516,1.9,
5.528,1.89,
5.54,1.89,
5.553,1.89,
5.566,1.88,
5.578,1.88,
5.591,1.88,
5.603,1.87,
5.615,1.87,
5.627,1.86,
5.641,1.86,
5.653,1.86,
5.665,1.85,
5.678,1.85,
5.69,1.85,
5.703,1.85,
5.715,1.84,
5.728,1.84,
5.74,1.84,
5.752,1.83,
5.766,1.83,
5.778,1.83,
5.79,1.82,
5.803,1.82,
5.815,1.82,
5.827,1.81,
5.84,1.81,
5.853,1.81,
5.865,1.8,
5.877,1.8,
5.89,1.8,
5.903,1.79,
5.915,1.79,
5.927,1.79,
5.94,1.78,
5.952,1.78,
5.965,1.78,
5.978,1.77,
5.99,1.77,
6.002,1.77,
6.014,1.76,
6.027,1.76,
6.04,1.76,
6.052,1.75,
6.065,1.76,
6.077,1.75,
6.089,1.75,
6.103,1.74,
6.115,1.74,
6.127,1.74,
6.139,1.74,
6.152,1.74,
6.165,1.73,
6.177,1.73,
6.19,1.73,
6.202,1.72,
6.214,1.72,
6.226,1.72,
6.24,1.71,
6.252,1.71,
6.264,1.71,
6.277,1.7,
6.289,1.7,
6.302,1.7,
6.315,1.69,
6.327,1.69,
6.339,1.69,
6.351,1.68,
6.365,1.68,
6.377,1.68,
6.389,1.68,
6.402,1.67,
6.414,1.67,
6.426,1.67,
6.439,1.66,
6.452,1.66,
6.464,1.66,
6.476,1.66,
6.489,1.65,
6.502,1.65,
6.514,1.65,
6.526,1.64,
6.539,1.64,
6.551,1.64,
6.564,1.64,
6.577,1.63,
6.589,1.63,
6.601,1.63,
6.614,1.63,
6.626,1.62,
6.639,1.62,
6.651,1.62,
6.664,1.62,
6.676,1.61,
6.688,1.6,
6.702,1.61,
6.714,1.6,
6.726,1.6,
6.738,1.59,
6.751,1.59,
6.764,1.59,
6.776,1.59,
6.789,1.58,
6.801,1.58,
6.813,1.58,
6.825,1.58,
6.839,1.57,
6.851,1.57,
6.863,1.57,
6.876,1.56,
6.888,1.56,
6.901,1.56,
6.914,1.56,
6.926,1.55,
6.938,1.55,
6.95,1.55,
6.964,1.55,
6.976,1.54,
6.988,1.54,
7.001,1.54,
7.013,1.53,
7.025,1.53,
7.038,1.53,
7.051,1.53,
7.063,1.52,
7.075,1.52,
7.088,1.52,
7.101,1.52,
7.113,1.52,
7.126,1.51,
7.138,1.51,
7.15,1.51,
7.163,1.51,
7.176,1.5,
7.188,1.5,
7.2,1.5,
7.213,1.5,
7.225,1.49,
7.238,1.49,
7.25,1.49,
7.263,1.49,
7.275,1.48,
7.287,1.48,
7.301,1.48,
7.313,1.48,
7.325,1.47,
7.337,1.47,
7.35,1.47,
7.363,1.46,
7.375,1.46,
7.388,1.46,
7.4,1.46,
7.412,1.45,
7.425,1.45,
7.438,1.45,
7.45,1.45,
7.462,1.45,
7.475,1.44,
7.487,1.44,
7.5,1.44,
7.513,1.43,
7.525,1.43,
7.537,1.43,
7.549,1.43,
7.563,1.43,
7.575,1.42,
7.587,1.42,
7.6,1.42,
7.612,1.42,
7.624,1.41,
7.638,1.41,
7.65,1.41,
7.662,1.41,
7.674,1.41,
7.687,1.4,
7.7,1.4,
7.712,1.4,
7.725,1.39,
7.737,1.39,
7.749,1.39,
7.762,1.39,
7.775,1.38,
7.787,1.38,
7.799,1.38,
7.812,1.38,
7.824,1.37,
7.837,1.37,
7.849,1.37,
7.862,1.37,
7.874,1.36,
7.886,1.36,
7.9,1.36,
7.912,1.36,
7.924,1.35,
7.937,1.35,
7.949,1.35,
7.962,1.35,
7.974,1.35,
7.987,1.34,
7.999,1.34,
8.011,1.34,
8.024,1.34,
8.037,1.33,
8.049,1.33,
8.061,1.33,
8.074,1.33,
8.086,1.33,
8.099,1.32,
8.112,1.32,
8.124,1.32,
8.136,1.32,
8.148,1.31,
8.162,1.31,
8.174,1.31,
8.186,1.31,
8.199,1.3,
8.211,1.31,
8.223,1.3,
8.237,1.3,
8.249,1.3,
8.261,1.3,
8.273,1.3,
8.286,1.3,
8.299,1.3,
8.311,1.29,
8.324,1.29,
8.336,1.29,
8.348,1.29,
8.361,1.29,
8.374,1.28,
8.386,1.28,
8.398,1.28,
8.411,1.28,
8.423,1.27,
8.436,1.27,
8.449,1.27,
8.461,1.27,
8.473,1.26,
8.485,1.26,
8.499,1.26,
8.511,1.26,
8.523,1.26,
8.536,1.26,
8.548,1.25,
8.561,1.25,
8.573,1.25,
8.586,1.25,
8.598,1.25,
8.61,1.24,
8.623,1.24,
8.636,1.24,
8.648,1.24,
8.66,1.24,
8.673,1.23,
8.685,1.23,
8.698,1.23,
8.711,1.23,
8.723,1.22,
8.735,1.22,
8.748,1.22,
8.761,1.22,
8.773,1.21,
8.785,1.21,
8.798,1.21,
8.81,1.21,
8.822,1.2,
8.836,1.2,
8.848,1.2,
8.86,1.2,
8.872,1.2,
8.885,1.19,
8.898,1.19,
8.91,1.19,
8.923,1.19,
8.935,1.18,
8.947,1.19,
8.961,1.18,
8.973,1.18,
8.985,1.18,
8.997,1.18,
9.01,1.17,
9.022,1.17,
9.035,1.17,
9.048,1.17,
9.06,1.17,
9.072,1.16,
9.084,1.16,
9.098,1.16,
9.11,1.16,
9.122,1.16,
9.135,1.15,
9.147,1.15,
9.16,1.15,
9.172,1.15,
9.185,1.15,
9.197,1.14,
9.209,1.14,
9.222,1.14,
9.235,1.14,
9.247,1.13,
9.26,1.14,
9.272,1.14,
9.284,1.13,
9.297,1.13,
9.31,1.13,
9.322,1.13,
9.334,1.12,
9.347,1.12,
9.36,1.12,
9.372,1.12,
9.384,1.12,
9.397,1.11,
9.409,1.11,
9.421,1.11,
9.435,1.11,
9.447,1.11,
9.459,1.1,
9.472,1.1,
9.484,1.1,
9.497,1.1,
9.509,1.1,
9.522,1.1,
9.534,1.1,
9.546,1.09,
9.56,1.09,
9.572,1.09,
9.584,1.09,
9.596,1.09,
9.609,1.09,
9.621,1.09,
9.634,1.08,
9.647,1.09,
9.659,1.08,
9.671,1.08,
9.683,1.08,
9.697,1.08,
9.709,1.07,
9.721,1.07,
9.734,1.07,
9.746,1.07,
9.759,1.07,
9.772,1.07,
9.784,1.06,
9.796,1.06,
9.808,1.06,
9.821,1.06,
9.834,1.06,
9.846,1.06,
9.859,1.05,
9.871,1.05,
9.883,1.05,
9.896,1.05,
9.909,1.05,
9.921,1.04,
9.933,1.05,
9.946,1.04,
9.959,1.04,
9.971,1.04,
9.984,1.04,
9.996,1.03,
10.008,1.03,
10.021,1.03,
10.036,1.03,
10.049,1.03,
10.062,1.02,
10.076,1.02,
10.09,1.02,
10.103,1.02,
10.117,1.02,
10.13,1.01,
10.143,1.01,
10.158,1.01,
10.171,1.01,
10.184,1.01,
10.198,1.01,
10.211,1.01,
10.225,1.01,
10.238,1,
10.252,1,
10.265,1,
10.278,1,
10.293,1,
10.306,0.99,
10.319,0.99,
10.333,0.99,
10.346,0.99,
10.36,0.99,
10.374,0.99,
10.387,0.98,
10.4,0.98,
10.414,0.98,
10.428,0.98,
10.441,0.98,
10.455,0.98,
10.468,0.97,
10.481,0.97,
10.496,0.97,
10.509,0.97,
10.522,0.96,
10.535,0.96,
10.549,0.97,
10.563,0.96,
10.576,0.96,
10.59,0.96,
10.603,0.96,
10.616,0.95,
10.631,0.95,
10.644,0.95,
10.657,0.95,
10.671,0.95,
10.684,0.95,
10.698,0.94,
10.712,0.94,
10.725,0.94,
10.738,0.94,
10.752,0.94,
10.766,0.94,
10.779,0.93,
10.792,0.93,
10.806,0.93,
10.819,0.93,
10.833,0.93,
10.847,0.92,
10.86,0.92,
10.873,0.92,
10.887,0.92,
10.901,0.92,
10.914,0.92,
10.928,0.92,
10.941,0.92,
10.955,0.91,
10.969,0.91,
10.982,0.91,
10.995,0.91,
11.009,0.91,
11.023,0.91,
11.036,0.91,
11.049,0.9,
11.063,0.9,
11.076,0.9,
11.09,0.9,
11.104,0.9,
11.117,0.9,
11.13,0.9,
11.144,0.9,
11.158,0.89,
11.171,0.89,
11.185,0.89,
11.198,0.89,
11.211,0.89,
11.226,0.89,
11.239,0.89,
11.252,0.88,
11.266,0.88,
11.279,0.88,
11.293,0.88,
11.307,0.88,
11.32,0.87,
11.333,0.87,
11.346,0.87,
11.361,0.87,
11.374,0.87,
11.387,0.87,
11.401,0.87,
11.414,0.87,
11.428,0.87,
11.442,0.87,
11.455,0.86,
11.468,0.86,
11.482,0.86,
11.496,0.86,
11.509,0.86,
11.523,0.86,
11.536,0.86,
11.549,0.85,
11.564,0.85,
11.577,0.85,
11.59,0.85,
11.603,0.85,
11.617,0.85,
11.631,0.84,
11.644,0.84,
11.658,0.85,
11.671,0.84,
11.684,0.84,
11.699,0.84,
11.712,0.84,
11.725,0.84,
11.739,0.83,
11.752,0.83,
11.766,0.83,
11.78,0.83,
11.793,0.83,
11.806,0.83,
11.821,0.83,
11.834,0.82,
11.847,0.82,
11.86,0.82,
11.874,0.82,
11.888,0.82,
11.901,0.82,
11.915,0.81,
11.928,0.81,
11.941,0.81,
11.956,0.81,
11.969,0.81,
11.982,0.81,
11.996,0.81,
12.009,0.81,
12.023,0.8,
12.037,0.8,
12.05,0.8,
12.063,0.8,
12.077,0.8,
12.091,0.8,
12.104,0.8,
12.118,0.79,
12.131,0.79,
12.144,0.79,
12.158,0.79,
12.172,0.79,
12.185,0.79,
12.198,0.79,
12.212,0.79,
12.226,0.79,
12.239,0.78,
12.253,0.78,
12.266,0.78,
12.279,0.78,
12.294,0.78,
12.307,0.78,
12.32,0.78,
12.334,0.77,
12.347,0.77,
12.361,0.77,
12.375,0.77,
12.388,0.77,
12.401,0.77,
12.414,0.77,
12.429,0.76,
12.442,0.76,
12.455,0.76,
12.469,0.76,
12.482,0.76,
12.496,0.76,
12.51,0.76,
12.523,0.76,
12.536,0.75,
12.55,0.75,
12.564,0.75,
12.577,0.75,
12.591,0.75,
12.604,0.75,
12.617,0.75,
12.632,0.75,
12.645,0.75,
12.658,0.75,
12.672,0.75,
12.686,0.74,
12.699,0.74,
12.712,0.74,
12.726,0.74,
12.739,0.74,
12.753,0.74,
12.767,0.73,
12.78,0.73,
12.793,0.73,
12.807,0.73,
12.821,0.73,
12.834,0.73,
12.848,0.73,
12.861,0.73,
12.874,0.73,
12.889,0.73,
12.902,0.72,
12.915,0.72,
12.929,0.72,
12.942,0.72,
12.956,0.72,
12.969,0.72,
12.983,0.72,
12.996,0.71,
13.009,0.71,
13.024,0.71,
13.037,0.71,
13.05,0.71,
13.064,0.71,
13.077,0.71,
13.091,0.7,
13.105,0.7,
13.118,0.7,
13.131,0.7,
13.145,0.7,
13.159,0.7,
13.172,0.7,
13.186,0.7,
13.199,0.7,
13.212,0.69,
13.227,0.7,
13.24,0.7,
13.253,0.69,
13.266,0.69,
13.28,0.69,
13.294,0.69,
13.307,0.69,
13.321,0.69,
13.334,0.68,
13.347,0.69,
13.362,0.68,
13.375,0.68,
13.388,0.68,
13.402,0.68,
13.415,0.68,
13.429,0.68,
13.443,0.68,
13.456,0.68,
13.469,0.68,
13.483,0.67,
13.497,0.67,
13.51,0.67,
13.523,0.67,
13.537,0.67,
13.551,0.67,
13.564,0.67,
13.578,0.67,
13.591,0.67,
13.604,0.67,
13.619,0.66,
13.632,0.66,
13.645,0.66,
13.659,0.66,
13.672,0.66,
13.686,0.66,
13.7,0.66,
13.713,0.65,
13.726,0.65,
13.74,0.65,
13.754,0.65,
13.767,0.65,
13.78,0.65,
13.794,0.65,
13.807,0.65,
13.821,0.65,
13.835,0.65,
13.848,0.65,
13.861,0.65,
13.875,0.65,
13.889,0.65,
13.902,0.65,
13.916,0.65,
13.929,0.65,
13.942,0.64,
13.957,0.64,
13.97,0.64,
13.983,0.64,
13.997,0.64,
14.01,0.64,
14.024,0.64,
14.038,0.64,
14.051,0.64,
14.064,0.63,
14.077,0.63,
14.092,0.63,
14.105,0.63,
14.118,0.63,
14.132,0.63,
14.145,0.63,
14.159,0.63,
14.173,0.63,
14.186,0.63,
14.199,0.63,
14.213,0.63,
14.227,0.62,
14.24,0.62,
14.254,0.62,
14.267,0.62,
14.28,0.62,
14.295,0.62,
14.308,0.62,
14.321,0.62,
14.334,0.62,
14.348,0.61,
14.362,0.61,
14.375,0.61,
14.389,0.61,
14.402,0.61,
14.416,0.61,
14.43,0.61,
14.443,0.61,
14.456,0.61,
14.47,0.6,
14.484,0.6,
14.497,0.6,
14.511,0.6,
14.524,0.6,
14.537,0.6,
14.552,0.6,
14.565,0.6,
14.578,0.6,
14.592,0.6,
14.605,0.59,
14.619,0.6,
14.632,0.59,
14.646,0.59,
14.659,0.59,
14.672,0.59,
14.687,0.59,
14.7,0.59,
14.713,0.59,
14.727,0.59,
14.74,0.59,
14.754,0.58,
14.768,0.58,
14.781,0.59,
14.794,0.59,
14.808,0.58,
14.822,0.58,
14.835,0.58,
14.849,0.58,
14.862,0.58,
14.875,0.58,
14.889,0.58,
14.903,0.58,
14.916,0.58,
14.929,0.58,
14.943,0.57,
14.957,0.57,
14.97,0.57,
14.984,0.57,
14.997,0.57,
15.01,0.57,
15.025,0.57,
15.038,0.57,
15.051,0.57,
15.065,0.57,
15.078,0.56,
15.092,0.56,
15.106,0.56,
15.119,0.56,
15.132,0.56,
15.145,0.56,
15.16,0.56,
15.173,0.56,
15.186,0.56,
15.2,0.55,
15.213,0.56,
15.227,0.55,
15.241,0.55,
15.254,0.55,
15.267,0.55,
15.282,0.55,
15.295,0.55,
15.308,0.55,
15.322,0.55,
15.335,0.55,
15.349,0.55,
15.363,0.55,
15.376,0.55,
15.389,0.54,
15.403,0.54,
15.417,0.54,
15.43,0.54,
15.443,0.54,
15.457,0.54,
15.47,0.54,
15.484,0.54,
15.498,0.54,
15.511,0.54,
15.524,0.53,
15.538,0.53,
15.552,0.54,
15.565,0.53,
15.579,0.53,
15.592,0.53,
15.605,0.53,
15.62,0.53,
15.633,0.53,
15.646,0.53,
15.66,0.53,
15.673,0.53,
15.687,0.53,
15.7,0.52,
15.714,0.53,
15.727,0.52,
15.74,0.52,
15.755,0.52,
15.768,0.52,
15.781,0.52,
15.795,0.52,
15.808,0.52,
15.822,0.52,
15.836,0.52,
15.849,0.52,
15.862,0.52,
15.876,0.51,
15.89,0.51,
15.903,0.52,
15.917,0.51,
15.93,0.51,
15.943,0.51,
15.958,0.51,
15.971,0.51,
15.984,0.51,
15.997,0.51,
16.011,0.5,
16.025,0.51,
16.038,0.5,
16.052,0.5,
16.065,0.51,
16.078,0.5,
16.093,0.5,
16.106,0.5,
16.119,0.5,
16.133,0.5,
16.147,0.5,
16.16,0.5,
16.174,0.5,
16.187,0.5,
16.2,0.5,
16.215,0.5,
16.228,0.49,
16.241,0.49,
16.254,0.49,
16.268,0.49,
16.282,0.49,
16.295,0.49,
16.309,0.49,
16.322,0.49,
16.335,0.49,
16.35,0.49,
16.363,0.49,
16.376,0.49,
16.39,0.49,
16.403,0.49,
16.417,0.48,
16.431,0.49,
16.444,0.48,
16.457,0.48,
16.471,0.48,
16.485,0.48,
16.498,0.48,
16.512,0.48,
16.525,0.48,
16.538,0.48,
16.552,0.48,
16.566,0.48,
16.579,0.48,
16.592,0.48,
16.606,0.48,
16.62,0.47,
16.633,0.47,
16.647,0.48,
16.66,0.47,
16.673,0.47,
16.688,0.47,
16.701,0.47,
16.714,0.47,
16.728,0.47,
16.741,0.47,
16.755,0.47,
16.769,0.47,
16.782,0.46,
16.795,0.46,
16.808,0.46,
16.823,0.47,
16.836,0.46,
16.849,0.46,
16.863,0.46,
16.876,0.46,
16.89,0.46,
16.904,0.46,
16.917,0.46,
16.93,0.46,
16.944,0.46,
16.958,0.46,
16.971,0.45,
16.985,0.46,
16.998,0.45,
17.012,0.45,
17.026,0.45,
17.039,0.45,
17.052,0.45,
17.065,0.45,
17.08,0.45,
17.093,0.45,
17.106,0.45,
17.12,0.45,
17.133,0.45,
17.147,0.45,
17.161,0.45,
17.174,0.45,
17.187,0.45,
17.201,0.44,
17.215,0.45,
17.228,0.44,
17.242,0.44,
17.255,0.44,
17.268,0.44,
17.283,0.44,
17.296,0.44,
17.309,0.44,
17.323,0.44,
17.336,0.44,
17.35,0.44,
17.363,0.44,
17.377,0.44,
17.39,0.44,
17.403,0.43,
17.418,0.43,
17.431,0.43,
17.444,0.43,
17.458,0.43,
17.471,0.43,
17.485,0.43,
17.499,0.43,
17.512,0.43,
17.525,0.43,
17.539,0.43,
17.553,0.43,
17.566,0.43,
17.58,0.43,
17.593,0.43,
17.606,0.43,
17.62,0.43,
17.634,0.43,
17.647,0.43,
17.66,0.43,
17.674,0.43,
17.688,0.42,
17.701,0.43,
17.715,0.42,
17.728,0.43,
17.741,0.43,
17.756,0.43,
17.769,0.43,
17.782,0.42,
17.796,0.42,
17.809,0.42,
17.823,0.42,
17.837,0.42,
17.85,0.42,
17.863,0.42,
17.878,0.42,
17.891,0.42,
17.904,0.42,
17.917,0.42,
17.931,0.41,
17.945,0.42,
17.958,0.42,
17.972,0.42,
17.985,0.41,
17.998,0.41,
18.013,0.41,
18.026,0.41,
18.039,0.41,
18.053,0.41,
18.066,0.41,
18.08,0.41,
18.094,0.41,
18.107,0.41,
18.12,0.41,
18.134,0.41,
18.148,0.41,
18.161,0.41,
18.174,0.41,
18.188,0.41,
18.201,0.4,
18.215,0.4,
18.229,0.4,
18.242,0.4,
18.255,0.4,
18.269,0.4,
18.283,0.4,
18.296,0.4,
18.31,0.4,
18.323,0.4,
18.336,0.4,
18.351,0.4,
18.364,0.4,
18.377,0.4,
18.391,0.4,
18.404,0.4,
18.418,0.39,
18.432,0.39,
18.445,0.39,
18.458,0.39,
18.471,0.39,
18.486,0.39,
18.499,0.39,
18.512,0.39,
18.526,0.39,
18.539,0.39,
18.553,0.39,
18.567,0.39,
18.58,0.39,
18.593,0.39,
18.607,0.39,
18.621,0.39,
18.634,0.39,
18.648,0.38,
18.661,0.39,
18.674,0.38,
18.689,0.38,
18.702,0.38,
18.715,0.38,
18.728,0.38,
18.743,0.38,
18.756,0.38,
18.769,0.38,
18.783,0.38,
18.796,0.38,
18.81,0.38,
18.824,0.38,
18.837,0.38,
18.85,0.38,
18.864,0.38,
18.878,0.38,
18.891,0.38,
18.905,0.38,
18.918,0.38,
18.931,0.38,
18.946,0.37,
18.959,0.38,
18.972,0.38,
18.985,0.37,
18.999,0.37,
19.013,0.37,
19.026,0.37,
19.04,0.37,
19.053,0.37,
19.066,0.37,
19.081,0.37,
19.094,0.37,
19.107,0.37,
19.121,0.37,
19.134,0.37,
19.148,0.37,
19.162,0.37,
19.175,0.37,
19.188,0.37,
19.202,0.37,
19.216,0.36,
19.229,0.36,
19.243,0.36,
19.256,0.36,
19.269,0.36,
19.283,0.36,
19.297,0.36,
19.31,0.36,
19.323,0.36,
19.337,0.36,
19.351,0.36,
19.364,0.36,
19.378,0.35,
19.391,0.36,
19.404,0.36,
19.419,0.36,
19.432,0.36,
19.445,0.36,
19.459,0.36,
19.472,0.36,
19.486,0.35,
19.5,0.35,
19.513,0.35,
19.526,0.35,
19.539,0.36,
19.554,0.35,
19.567,0.35,
19.58,0.35,
19.594,0.35,
19.608,0.35,
19.621,0.35,
19.635,0.35,
19.648,0.35,
19.661,0.35,
19.676,0.35,
19.689,0.35,
19.702,0.35,
19.716,0.34,
19.729,0.35,
19.743,0.34,
19.757,0.35,
19.77,0.34,
19.783,0.34,
19.796,0.34,
19.811,0.34,
19.824,0.34,
19.837,0.34,
19.851,0.34,
19.864,0.34,
19.878,0.34,
19.892,0.34,
19.905,0.34,
19.918,0.34,
19.932,0.33,
19.946,0.34,
19.959,0.34,
19.973,0.34,
19.986,0.34,
19.999,0.34,
20.014,0.34,
20.027,0.34,
20.04,0.34,
20.054,0.34,
20.067,0.34,
20.081,0.34,
20.094,0.33,
20.108,0.33,
20.121,0.34,
20.134,0.34,
20.149,0.33,
20.162,0.33,
20.175,0.33,
20.189,0.33,
20.202,0.33,
20.216,0.33,
20.23,0.33,
20.243,0.33,
20.256,0.33,
20.27,0.33,
20.284,0.33,
20.297,0.33,
20.311,0.33,
20.324,0.33,
20.337,0.33,
20.352,0.33,
20.365,0.32,
20.378,0.33,
20.391,0.32,
20.405,0.33,
20.419,0.32,
20.432,0.32,
20.446,0.32,
20.459,0.32,
20.473,0.32,
20.487,0.32,
20.5,0.32,
20.513,0.32,
20.527,0.32,
20.541,0.32,
20.554,0.32,
20.568,0.32,
20.581,0.32,
20.594,0.32,
20.609,0.32,
20.622,0.32,
20.635,0.32,
20.648,0.31,
20.662,0.32,
20.676,0.32,
20.689,0.32,
20.703,0.32,
20.716,0.32,
20.729,0.31,
20.744,0.31,
20.757,0.31,
20.77,0.31,
20.784,0.31,
20.797,0.31,
20.811,0.31,
20.825,0.31,
20.838,0.31,
20.851,0.31,
20.865,0.31,
20.879,0.31,
20.892,0.31,
20.905,0.31,
20.919,0.31,
20.932,0.31,
20.946,0.31,
20.96,0.31,
20.973,0.31,
20.986,0.31,
21,0.31,
21.014,0.3,
21.027,0.3,
21.041,0.3,
21.054,0.31,
21.067,0.31,
21.082,0.3,
21.095,0.3,
21.108,0.3,
21.122,0.3,
21.135,0.3,
21.149,0.3,
21.163,0.3,
21.176,0.3,
21.189,0.3,
21.202,0.3,
21.217,0.3,
21.23,0.3,
21.243,0.3,
21.257,0.3,
21.27,0.3,
21.284,0.3,
21.298,0.3,
21.311,0.3,
21.324,0.3,
21.339,0.3,
21.352,0.3,
21.365,0.3,
21.379,0.29,
21.392,0.3,
21.406,0.3,
21.42,0.3,
21.433,0.3,
21.446,0.29,
21.459,0.29,
21.474,0.29,
21.487,0.3,
21.5,0.29,
21.514,0.29,
21.527,0.29,
21.541,0.29,
21.555,0.29,
21.568,0.29,
21.581,0.29,
21.595,0.29,
21.609,0.29,
21.622,0.29,
21.636,0.29,
21.649,0.29,
21.662,0.29,
21.677,0.29,
21.69,0.29,
21.703,0.29,
21.716,0.28,
21.73,0.29,
21.744,0.28,
21.757,0.28,
21.771,0.28,
21.784,0.28,
21.797,0.28,
21.812,0.29,
21.825,0.28,
21.838,0.29,
21.852,0.29,
21.865,0.28,
21.879,0.28,
21.893,0.28,
21.906,0.28,
21.919,0.28,
21.933,0.28,
21.947,0.28,
21.96,0.28,
21.974,0.28,
21.987,0.28,
22,0.28,
22.014,0.28,
22.028,0.28,
22.041,0.28,
22.054,0.28,
22.068,0.28,
22.082,0.28,
22.095,0.28,
22.109,0.28,
22.122,0.28,
22.135,0.27,
22.15,0.28,
22.163,0.28,
22.176,0.27,
22.19,0.27,
22.204,0.28,
22.217,0.27,
22.231,0.28,
22.244,0.28,
22.257,0.27,
22.272,0.27,
22.285,0.27,
22.298,0.27,
22.311,0.27,
22.325,0.27,
22.339,0.27,
22.352,0.27,
22.366,0.27,
22.379,0.27,
22.392,0.27,
22.407,0.27,
22.42,0.27,
22.433,0.27,
22.447,0.27,
22.46,0.27,
22.474,0.27,
22.488,0.27,
22.501,0.27,
22.514,0.27,
22.528,0.27,
22.542,0.27,
22.555,0.27,
22.568,0.27,
22.582,0.27,
22.595,0.26,
22.609,0.26,
22.623,0.26,
22.636,0.26,
22.649,0.27,
22.663,0.26,
22.677,0.26,
22.69,0.26,
22.704,0.26,
22.717,0.26,
22.73,0.26,
22.745,0.26,
22.758,0.26,
22.771,0.26,
22.785,0.26,
22.798,0.26,
22.812,0.26,
22.825,0.26,
22.839,0.26,
22.852,0.26,
22.865,0.26,
22.88,0.26,
22.893,0.26,
22.906,0.26,
22.92,0.26,
22.933,0.26,
22.947,0.25,
22.961,0.26,
22.974,0.25,
22.987,0.26,
23.001,0.26,
23.015,0.26,
23.028,0.25,
23.042,0.25,
23.055,0.25,
23.069,0.25,
23.083,0.26,
23.096,0.25,
23.109,0.25,
23.122,0.25,
23.137,0.25,
23.15,0.25,
23.163,0.25,
23.177,0.25,
23.19,0.25,
23.204,0.25,
23.218,0.25,
23.231,0.25,
23.244,0.25,
23.258,0.25,
23.272,0.25,
23.285,0.25,
23.299,0.25,
23.312,0.25,
23.325,0.25,
23.34,0.25,
23.353,0.25,
23.366,0.25,
23.379,0.24,
23.393,0.25,
23.407,0.24,
23.42,0.25,
23.434,0.25,
23.447,0.25,
23.46,0.24,
23.475,0.25,
23.488,0.25,
23.501,0.25,
23.515,0.25,
23.528,0.25,
23.542,0.24,
23.556,0.24,
23.569,0.24,
23.582,0.24,
23.596,0.24,
23.61,0.24,
23.623,0.24,
23.636,0.24,
23.65,0.24,
23.663,0.24,
23.677,0.24,
23.691,0.24,
23.704,0.24,
23.717,0.24,
23.731,0.24,
23.745,0.24,
23.758,0.24,
23.772,0.24,
23.785,0.24,
23.798,0.24,
23.813,0.24,
23.826,0.24,
23.839,0.23,
23.853,0.24,
23.866,0.23,
23.88,0.24,
23.894,0.24,
23.907,0.23,
23.92,0.24,
23.934,0.24,
23.948,0.24,
23.961,0.24,
23.974,0.23,
23.988,0.23,
24.002,0.24,
24.015,0.24,
24.029,0.23,
24.042,0.23,
24.055,0.23,
24.07,0.23,
24.083,0.23,
24.096,0.23,
24.11,0.23,
24.123,0.23,
24.137,0.23,
24.151,0.23,
24.164,0.23,
24.177,0.23,
24.19,0.23,
24.205,0.23,
24.218,0.23,
24.231,0.23,
24.245,0.23,
24.258,0.23,
24.272,0.23,
24.286,0.23,
24.299,0.23,
24.312,0.23,
24.326,0.23,
24.34,0.23,
24.353,0.23,
24.367,0.23,
24.38,0.23,
24.393,0.23,
24.408,0.23,
24.421,0.23,
24.434,0.23,
24.448,0.23,
24.461,0.22,
24.475,0.22,
24.488,0.23,
24.502,0.22,
24.515,0.22,
24.528,0.22,
24.543,0.22,
24.556,0.22,
24.569,0.22,
24.583,0.22,
24.596,0.22,
24.61,0.22,
24.624,0.22,
24.637,0.22,
24.65,0.22,
24.664,0.22,
24.678,0.22,
24.691,0.22,
24.705,0.22,
24.718,0.22,
24.731,0.22,
24.745,0.22,
24.759,0.22,
24.772,0.22,
24.785,0.22,
24.8,0.22,
24.813,0.22,
24.826,0.22,
24.84,0.22,
24.853,0.22,
24.867,0.22,
24.881,0.22,
24.894,0.22,
24.907,0.22,
24.921,0.22,
24.935,0.22,
24.948,0.22,
24.962,0.22,
24.975,0.22,
24.988,0.22,
25.003,0.22,
25.016,0.22,
25.029,0.22,
25.042,0.22,
25.056,0.22,
25.07,0.22,
25.083,0.22,
25.097,0.22,
25.11,0.22,
25.123,0.22,
25.138,0.22,
25.151,0.22,
25.164,0.22,
25.178,0.22,
25.191,0.22,
25.205,0.22,
25.219,0.22,
25.232,0.22,
25.245,0.22,
25.259,0.21,
25.273,0.21,
25.286,0.22,
25.299,0.22,
25.313,0.22,
25.326,0.22,
25.34,0.21,
25.354,0.21,
25.367,0.22,
25.38,0.21,
25.394,0.21,
25.408,0.22,
25.421,0.21,
25.435,0.22,
25.448,0.21,
25.461,0.21,
25.476,0.21,
25.489,0.21,
25.502,0.21,
25.516,0.21,
25.529,0.21,
25.543,0.21,
25.556,0.21,
25.57,0.21,
25.583,0.21,
25.596,0.21,
25.611,0.21,
25.624,0.21,
25.637,0.21,
25.651,0.21,
25.665,0.21,
25.678,0.21,
25.692,0.21,
25.705,0.21,
25.718,0.21,
25.733,0.21,
25.746,0.21,
25.759,0.21,
25.773,0.21,
25.786,0.21,
25.8,0.21,
25.814,0.21,
25.827,0.2,
25.84,0.21,
25.853,0.2,
25.868,0.21,
25.881,0.21,
25.894,0.21,
25.908,0.21,
25.921,0.2,
25.935,0.21,
25.949,0.21,
25.962,0.2,
25.975,0.2,
25.989,0.2,
26.003,0.2,
26.016,0.2,
26.03,0.2,
26.043,0.2,
26.056,0.21,
26.071,0.2,
26.084,0.2,
26.097,0.2,
26.11,0.2,
26.124,0.2,
26.138,0.2,
26.151,0.2,
26.165,0.2,
26.178,0.2,
26.191,0.2,
26.206,0.2,
26.219,0.2,
26.232,0.2,
26.246,0.2,
26.259,0.2,
26.273,0.2,
26.287,0.2,
26.3,0.2,
26.313,0.2,
26.327,0.2,
26.341,0.2,
26.354,0.2,
26.368,0.2,
26.381,0.2,
26.394,0.2,
26.408,0.2,
26.422,0.19,
26.435,0.2,
26.448,0.2,
26.462,0.2,
26.476,0.2,
26.489,0.19,
26.503,0.2,
26.516,0.2,
26.53,0.2,
26.544,0.19,
26.557,0.2,
26.57,0.2,
26.584,0.2,
26.598,0.2,
26.611,0.2,
26.625,0.19,
26.638,0.19,
26.651,0.2,
26.665,0.19,
26.679,0.2,
26.692,0.19,
26.705,0.19,
26.719,0.19,
26.733,0.19,
26.746,0.2,
26.76,0.19,
26.773,0.19,
26.786,0.19,
26.801,0.19,
26.814,0.19,
26.827,0.19,
26.841,0.19,
26.854,0.19,
26.868,0.19,
26.882,0.19,
26.895,0.19,
26.908,0.19,
26.921,0.19,
26.936,0.19,
26.949,0.19,
26.962,0.19,
26.976,0.19,
26.989,0.19,
27.003,0.19,
27.017,0.19,
27.03,0.19,
27.043,0.19,
27.057,0.19,
27.071,0.19,
27.084,0.19,
27.098,0.19,
27.111,0.19,
27.124,0.19,
27.139,0.19,
27.152,0.19,
27.165,0.18,
27.179,0.19,
27.192,0.19,
27.206,0.19,
27.219,0.19,
27.233,0.18,
27.246,0.19,
27.259,0.18,
27.274,0.19,
27.287,0.18,
27.3,0.18,
27.314,0.18,
27.327,0.19,
27.341,0.18,
27.355,0.18,
27.368,0.18,
27.381,0.19,
27.396,0.19,
27.409,0.19,
27.422,0.18,
27.436,0.19,
27.449,0.18,
27.463,0.18,
27.476,0.18,
27.49,0.18,
27.503,0.18,
27.516,0.18,
27.531,0.18,
27.544,0.18,
27.557,0.18,
27.571,0.18,
27.584,0.18,
27.598,0.18,
27.612,0.18,
27.625,0.18,
27.638,0.18,
27.652,0.18,
27.666,0.18,
27.679,0.18,
27.693,0.18,
27.706,0.18,
27.719,0.18,
27.734,0.18,
27.747,0.18,
27.76,0.18,
27.773,0.18,
27.787,0.18,
27.801,0.18,
27.814,0.18,
27.828,0.18,
27.841,0.18,
27.854,0.18,
27.869,0.18,
27.882,0.18,
27.895,0.18,
27.909,0.18,
27.922,0.18,
27.936,0.18,
27.95,0.18,
27.963,0.18,
27.976,0.18,
27.99,0.18,
28.004,0.18,
28.017,0.17,
28.03,0.17,
28.044,0.17,
28.057,0.17,
28.071,0.18,
28.085,0.18,
28.098,0.17,
28.111,0.18,
28.125,0.17,
28.139,0.17,
28.152,0.17,
28.166,0.17,
28.179,0.17,
28.192,0.17,
28.207,0.17,
28.22,0.17,
28.233,0.17,
28.247,0.17,
28.261,0.18,
28.274,0.18,
28.288,0.17,
28.301,0.17,
28.314,0.17,
28.328,0.17,
28.342,0.17,
28.355,0.17,
28.368,0.17,
28.382,0.17,
28.396,0.17,
28.409,0.17,
28.423,0.17,
28.436,0.17,
28.449,0.17,
28.464,0.17,
28.477,0.17,
28.49,0.17,
28.504,0.17,
28.517,0.17,
28.531,0.17,
28.545,0.17,
28.558,0.17,
28.571,0.17,
28.584,0.17,
28.599,0.17,
28.612,0.17,
28.625,0.17,
28.639,0.17,
28.652,0.17,
28.666,0.17,
28.68,0.17,
28.693,0.17,
28.706,0.17,
28.72,0.16,
28.734,0.17,
28.747,0.17,
28.761,0.17,
28.774,0.17,
28.787,0.17,
28.802,0.17,
28.815,0.17,
28.828,0.16,
28.841,0.16,
28.855,0.17,
28.869,0.16,
28.882,0.16,
28.896,0.16,
28.909,0.16,
28.922,0.16,
28.937,0.16,
28.95,0.17,
28.963,0.16,
28.977,0.16,
28.99,0.17,
29.004,0.16,
29.018,0.16,
29.031,0.16,
29.044,0.16,
29.058,0.16,
29.072,0.16,
29.085,0.16,
29.099,0.17,
29.112,0.16,
29.126,0.16,
29.139,0.16,
29.153,0.16,
29.166,0.16,
29.179,0.16,
29.194,0.16,
29.207,0.16,
29.22,0.16,
29.234,0.16,
29.247,0.16,
29.261,0.16,
29.275,0.16,
29.288,0.16,
29.301,0.16,
29.315,0.16,
29.329,0.16,
29.342,0.16,
29.356,0.16,
29.369,0.16,
29.382,0.16,
29.396,0.16,
29.41,0.16,
29.423,0.16,
29.436,0.16,
29.45,0.16,
29.464,0.16,
29.477,0.16,
29.491,0.16,
29.504,0.16,
29.517,0.16,
29.532,0.16,
29.545,0.16,
29.558,0.16,
29.572,0.16,
29.585,0.16,
29.599,0.16,
29.613,0.16,
29.626,0.16,
29.639,0.16,
29.652,0.16,
29.667,0.16,
29.68,0.16,
29.693,0.16,
29.707,0.16,
29.72,0.16,
29.734,0.16,
29.748,0.16,
29.761,0.16,
29.774,0.16,
29.788,0.16,
29.802,0.15,
29.815,0.16,
29.829,0.15,
29.842,0.16,
29.855,0.16,
29.87,0.16,
29.883,0.15,
29.896,0.16,
29.91,0.15,
29.923,0.15,
29.937,0.16,
29.95,0.15,
29.964,0.15,
29.977,0.15,
29.991,0.15,
30.005,0.15,
30.018,0.15,
30.031,0.15,
30.045,0.16,
30.059,0.15,
30.072,0.16,
30.086,0.16,
30.099,0.16,
30.112,0.15,
30.127,0.15,
30.14,0.16,
30.153,0.15,
30.167,0.15,
30.18,0.15,
30.194,0.15,
30.208,0.15,
30.221,0.15,
30.234,0.15,
30.247,0.15,
30.262,0.15,
30.275,0.15,
30.288,0.15,
30.302,0.15,
30.315,0.15,
30.329,0.15,
30.343,0.15,
30.356,0.15,
30.369,0.15,
30.383,0.15,
30.397,0.15,
30.41,0.15,
30.424,0.15,
30.437,0.15,
30.45,0.15,
30.465,0.15,
30.478,0.15,
30.491,0.15,
30.504,0.15,
30.518,0.15,
30.532,0.15,
30.545,0.15,
30.559,0.15,
30.572,0.15,
30.585,0.15,
30.6,0.15,
30.613,0.15,
30.626,0.15,
30.64,0.14,
30.653,0.14,
30.667,0.14,
30.681,0.14,
30.694,0.14,
30.707,0.15,
30.721,0.15,
30.735,0.14,
30.748,0.15,
30.761,0.14,
30.775,0.14,
30.788,0.14,
30.802,0.15,
30.816,0.14,
30.829,0.14,
30.842,0.14,
30.857,0.14,
30.87,0.14,
30.883,0.15,
30.897,0.15,
30.91,0.14,
30.924,0.14,
30.938,0.14,
30.951,0.14,
30.964,0.14,
30.978,0.15,
30.992,0.14,
31.005,0.14,
31.019,0.14,
31.032,0.14,
31.045,0.14,
31.059,0.14,
31.073,0.14,
31.086,0.14,
31.099,0.14,
31.113,0.14,
31.127,0.14,
31.14,0.15,
31.154,0.14,
31.167,0.14,
31.18,0.14,
31.195,0.14,
31.208,0.15,
31.221,0.14,
31.235,0.14,
31.248,0.14,
31.262,0.14,
31.276,0.14,
31.289,0.14,
31.302,0.14,
31.315,0.14,
31.33,0.14,
31.343,0.14,
31.356,0.14,
31.37,0.14,
31.383,0.14,
31.397,0.14,
31.411,0.14,
31.424,0.14,
31.437,0.14,
31.451,0.14,
31.465,0.14,
31.478,0.14,
31.492,0.14,
31.505,0.14,
31.518,0.14,
31.533,0.14,
31.546,0.14,
31.559,0.14,
31.572,0.14,
31.586,0.14,
31.6,0.14,
31.613,0.14,
31.627,0.14,
31.64,0.14,
31.653,0.14,
31.668,0.14,
31.681,0.14,
31.694,0.14,
31.708,0.14,
31.722,0.14,
31.735,0.14,
31.749,0.14,
31.762,0.14,
31.775,0.14,
31.79,0.14,
31.803,0.14,
31.816,0.14,
31.83,0.14,
31.843,0.14,
31.857,0.13,
31.87,0.14,
31.884,0.13,
31.897,0.14,
31.91,0.14,
31.925,0.14,
31.938,0.13,
31.951,0.13,
31.965,0.13,
31.978,0.14,
31.992,0.13,
32.006,0.13,
32.019,0.13,
32.032,0.13,
32.046,0.13,
32.06,0.14,
32.073,0.13,
32.087,0.13,
32.1,0.13,
32.113,0.13,
32.128,0.13,
32.141,0.14,
32.154,0.13,
32.167,0.13,
32.181,0.13,
32.195,0.13,
32.208,0.13,
32.222,0.13,
32.235,0.13,
32.248,0.14,
32.263,0.13,
32.276,0.13,
32.289,0.13,
32.303,0.13,
32.316,0.14,
32.33,0.13,
32.344,0.13,
32.357,0.13,
32.37,0.13,
32.384,0.13,
32.398,0.13,
32.411,0.13,
32.424,0.13,
32.438,0.13,
32.451,0.13,
32.465,0.13,
32.479,0.13,
32.492,0.13,
32.505,0.13,
32.519,0.13,
32.533,0.13,
32.546,0.13,
32.56,0.13,
32.573,0.13,
32.587,0.13,
32.601,0.13,
32.614,0.13,
32.627,0.13,
32.641,0.13,
32.655,0.13,
32.668,0.13,
32.681,0.13,
32.695,0.13,
32.708,0.13,
32.722,0.13,
32.736,0.13,
32.749,0.13,
32.762,0.13,
32.776,0.13,
32.79,0.13,
32.803,0.13,
32.817,0.13,
32.83,0.13,
32.843,0.13,
32.858,0.13,
32.871,0.13,
32.884,0.13,
32.898,0.13,
32.911,0.13,
32.925,0.13,
32.939,0.13,
32.952,0.13,
32.965,0.13,
32.978,0.13,
32.993,0.13,
33.006,0.13,
33.019,0.13,
33.033,0.13,
33.046,0.12,
33.06,0.13,
33.074,0.13,
33.087,0.13,
33.1,0.12,
33.114,0.12,
33.128,0.13,
33.141,0.13,
33.155,0.13,
33.168,0.13,
33.181,0.12,
33.196,0.13,
33.209,0.13,
33.222,0.12,
33.235,0.13,
33.249,0.12,
33.263,0.12,
33.276,0.12,
33.29,0.12,
33.303,0.12,
33.316,0.12,
33.331,0.13,
33.344,0.12,
33.357,0.13,
33.371,0.13,
33.384,0.13,
33.398,0.12,
33.412,0.12,
33.425,0.13,
33.438,0.12,
33.453,0.12,
33.466,0.12,
33.479,0.12,
33.492,0.12,
33.506,0.12,
33.52,0.12,
33.533,0.12,
33.547,0.12,
33.56,0.12,
33.573,0.12,
33.588,0.12,
33.601,0.12,
33.614,0.12,
33.628,0.12,
33.641,0.12,
33.655,0.12,
33.669,0.12,
33.682,0.12,
33.695,0.12,
33.709,0.12,
33.723,0.12,
33.736,0.12,
33.75,0.12,
33.763,0.12,
33.776,0.12,
33.79,0.12,
33.804,0.12,
33.817,0.12,
33.83,0.12,
33.844,0.12,
33.858,0.12,
33.871,0.12,
33.885,0.12,
33.898,0.12,
33.911,0.12,
33.926,0.12,
33.939,0.12,
33.952,0.12,
33.966,0.12,
33.979,0.12,
33.993,0.12,
34.007,0.12,
34.02,0.12,
34.033,0.12,
34.046,0.12,
34.061,0.12,
34.074,0.12,
34.087,0.12,
34.101,0.12,
34.114,0.12,
34.128,0.12,
34.142,0.12,
34.155,0.12,
34.168,0.12,
34.182,0.12,
34.196,0.12,
34.209,0.12,
34.223,0.12,
34.236,0.12,
34.249,0.12,
34.264,0.12,
34.277,0.12,
34.29,0.12,
34.304,0.12,
34.318,0.12,
34.331,0.12,
34.344,0.12,
34.358,0.12,
34.371,0.12,
34.385,0.12,
34.399,0.12,
34.412,0.12,
34.425,0.11,
34.439,0.12,
34.453,0.12,
34.466,0.12,
34.48,0.12,
34.493,0.12,
34.506,0.12,
34.521,0.11,
34.534,0.12,
34.547,0.12,
34.561,0.12,
34.574,0.11,
34.588,0.12,
34.601,0.11,
34.615,0.12,
34.628,0.11,
34.641,0.12,
34.656,0.12,
34.669,0.12,
34.682,0.12,
34.696,0.12,
34.709,0.11,
34.723,0.12,
34.737,0.12,
34.75,0.11,
34.763,0.11,
34.777,0.12,
34.791,0.11,
34.804,0.11,
34.818,0.12,
34.831,0.11,
34.844,0.11,
34.859,0.12,
34.872,0.11,
34.885,0.11,
34.898,0.11,
34.912,0.11,
34.926,0.11,
34.939,0.12,
34.953,0.11,
34.966,0.11,
34.979,0.11,
34.994,0.11,
35.007,0.11,
35.02,0.12,
35.034,0.11,
35.047,0.11,
35.061,0.11,
35.075,0.11,
35.088,0.11,
35.101,0.11,
35.115,0.11,
35.129,0.11,
35.142,0.11,
35.155,0.11,
35.169,0.11,
35.183,0.11,
35.196,0.11,
35.21,0.11,
35.223,0.11,
35.236,0.11,
35.251,0.11,
35.264,0.11,
35.277,0.11,
35.291,0.11,
35.304,0.11,
35.318,0.11,
35.332,0.11,
35.345,0.11,
35.358,0.11,
35.372,0.11,
35.386,0.11,
35.399,0.11,
35.412,0.11,
35.426,0.11,
35.439,0.11,
35.453,0.11,
35.467,0.11,
35.48,0.11,
35.493,0.11,
35.507,0.11,
35.521,0.11,
35.534,0.11,
35.548,0.11,
35.561,0.11,
35.574,0.11,
35.589,0.11,
35.602,0.11,
35.615,0.11,
35.629,0.11,
35.642,0.11,
35.656,0.11,
35.67,0.11,
35.683,0.11,
35.696,0.11,
35.709,0.11,
35.724,0.11,
35.737,0.11,
35.75,0.11,
35.764,0.11,
35.777,0.11,
35.791,0.11,
35.805,0.11,
35.818,0.11,
35.831,0.11,
35.845,0.11,
35.859,0.1,
35.872,0.11,
35.886,0.11,
35.899,0.11,
35.912,0.1,
35.927,0.11,
35.94,0.11,
35.953,0.11,
35.966,0.11,
35.98,0.11,
35.994,0.11,
36.007,0.11,
36.021,0.11,
36.034,0.11,
36.048,0.11,
36.062,0.1,
36.075,0.11,
36.088,0.11,
36.102,0.11,
36.116,0.11,
36.129,0.11,
36.143,0.1,
36.156,0.1,
36.169,0.11,
36.184,0.11,
36.197,0.1,
36.21,0.11,
36.224,0.11,
36.237,0.1,
36.251,0.11,
36.264,0.1,
36.278,0.1,
36.291,0.1,
36.304,0.1,
36.319,0.11,
36.332,0.1,
36.345,0.1,
36.359,0.1,
36.372,0.1,
36.386,0.11,
36.4,0.1,
36.413,0.11,
36.426,0.1,
36.44,0.1,
36.454,0.1,
36.467,0.1,
36.481,0.1,
36.494,0.1,
36.507,0.1,
36.521,0.1,
36.535,0.1,
36.548,0.1,
36.561,0.1,
36.575,0.1,
36.589,0.1,
36.602,0.1,
36.616,0.1,
36.629,0.1,
36.642,0.1,
36.657,0.1,
36.67,0.1,
36.683,0.1,
36.697,0.1,
36.71,0.1,
36.724,0.1,
36.738,0.1,
36.751,0.1,
36.764,0.1,
36.777,0.1,
36.792,0.1,
36.805,0.1,
36.818,0.1,
36.832,0.1,
36.845,0.1,
36.859,0.1,
36.873,0.1,
36.886,0.1,
36.899,0.1,
36.914,0.1,
36.927,0.1,
36.94,0.1,
36.954,0.1,
36.967,0.1,
36.981,0.1,
36.995,0.1,
37.008,0.1,
37.021,0.1,
37.035,0.1,
37.049,0.1,
37.062,0.1,
37.075,0.1,
37.089,0.1,
37.102,0.1,
37.116,0.1,
37.13,0.1,
37.143,0.1,
37.156,0.1,
37.17,0.1,
37.184,0.1,
37.197,0.1,
37.211,0.1,
37.224,0.1,
37.237,0.1,
37.252,0.1,
37.265,0.1,
37.278,0.1,
37.292,0.1,
37.305,0.1,
37.319,0.1,
37.332,0.1,
37.346,0.1,
37.359,0.1,
37.372,0.1,
37.387,0.1,
37.4,0.1,
37.413,0.1,
37.427,0.1,
37.44,0.1,
37.454,0.1,
37.468,0.1,
37.481,0.1,
37.494,0.1,
37.508,0.1,
37.522,0.1,
37.535,0.1,
37.549,0.1,
37.562,0.1,
37.575,0.1,
37.59,0.1,
37.603,0.1,
37.616,0.1,
37.629,0.1,
37.643,0.1,
37.657,0.1,
37.67,0.1,
37.684,0.1,
37.697,0.1,
37.71,0.1,
37.725,0.1,
37.738,0.1,
37.751,0.1,
37.765,0.1,
37.779,0.1,
37.792,0.1,
37.806,0.1,
37.819,0.1,
37.832,0.1,
37.847,0.1,
37.86,0.1,
37.873,0.1,
37.886,0.1,
37.9,0.1,
37.914,0.1,
37.927,0.1,
37.941,0.1,
37.954,0.1,
37.967,0.1,
37.982,0.1,
37.995,0.1,
38.008,0.1,
38.022,0.1,
38.035,0.1,
38.049,0.1,
38.063,0.1,
38.076,0.1,
38.089,0.09,
38.103,0.09,
38.117,0.1,
38.13,0.1,
38.144,0.09,
38.157,0.1,
38.17,0.1,
38.184,0.09,
38.198,0.1,
38.211,0.09,
38.224,0.1,
38.238,0.09,
38.252,0.1,
38.265,0.1,
38.279,0.1,
38.292,0.09,
38.305,0.09,
38.32,0.09,
38.333,0.1,
38.346,0.09,
38.36,0.1,
38.373,0.1,
38.387,0.09,
38.401,0.09,
38.414,0.1,
38.427,0.09,
38.44,0.09,
38.455,0.09,
38.468,0.1,
38.481,0.1,
38.495,0.09,
38.508,0.1,
38.522,0.09,
38.536,0.1,
38.549,0.1,
38.562,0.09,
38.576,0.09,
38.59,0.09,
38.603,0.09,
38.617,0.09,
38.63,0.09,
38.644,0.09,
38.658,0.09,
38.671,0.1,
38.684,0.09,
38.697,0.09,
38.712,0.09,
38.725,0.09,
38.738,0.09,
38.752,0.09,
38.765,0.09,
38.779,0.09,
38.793,0.09,
38.806,0.09,
38.819,0.09,
38.833,0.09,
38.847,0.09,
38.86,0.09,
38.874,0.09,
38.887,0.09,
38.9,0.09,
38.915,0.09,
38.928,0.1,
38.941,0.09,
38.955,0.09,
38.968,0.09,
38.982,0.09,
38.995,0.09,
39.009,0.09,
39.022,0.09,
39.035,0.09,
39.05,0.09,
39.063,0.09,
39.076,0.09,
39.09,0.09,
39.103,0.09,
39.117,0.09,
39.131,0.09,
39.144,0.09,
39.157,0.09,
39.171,0.09,
39.185,0.09,
39.198,0.09,
39.212,0.09,
39.225,0.09,
39.238,0.09,
39.252,0.09,
39.266,0.09,
39.279,0.09,
39.292,0.09,
39.306,0.09,
39.32,0.09,
39.333,0.09,
39.347,0.09,
39.36,0.09,
39.373,0.09,
39.388,0.09,
39.401,0.09,
39.414,0.09,
39.428,0.09,
39.441,0.09,
39.455,0.09,
39.469,0.09,
39.482,0.09,
39.495,0.09,
39.51,0.09,
39.523,0.09,
39.536,0.09,
39.549,0.09,
39.563,0.09,
39.577,0.09,
39.59,0.09,
39.604,0.09,
39.617,0.09,
39.63,0.09,
39.645,0.09,
39.658,0.09,
39.671,0.09,
39.685,0.09,
39.698,0.09,
39.712,0.09,
39.726,0.09,
39.739,0.09,
39.752,0.09,
39.766,0.09,
39.78,0.09,
39.793,0.09,
39.806,0.09,
39.82,0.09,
39.833,0.09,
39.847,0.09,
39.861,0.09,
39.874,0.09,
39.887,0.09,
39.901,0.09,
39.915,0.09,
39.928,0.09,
39.942,0.09,
39.955,0.09,
39.968,0.09,
39.983,0.09,
39.996,0.09,
40.009,0.09,
40.023,0.09,
40.036,0.09,
40.05,0.09,
40.064,0.09,
40.077,0.09,
40.09,0.09,
40.103,0.08,
40.118,0.09,
40.131,0.09,
40.144,0.09,
40.158,0.09,
40.171,0.08,
40.185,0.09,
40.199,0.09,
40.212,0.09,
40.225,0.09,
40.239,0.09,
40.253,0.09,
40.266,0.08,
40.28,0.09,
40.293,0.09,
40.306,0.09,
40.321,0.09,
40.334,0.08,
40.347,0.09,
40.36,0.09,
40.375,0.09,
40.388,0.08,
40.401,0.09,
40.415,0.09,
40.428,0.09,
40.442,0.08,
40.456,0.09,
40.469,0.08,
40.482,0.08,
40.496,0.09,
40.51,0.08,
40.523,0.08,
40.537,0.08,
40.55,0.08,
40.563,0.09,
40.578,0.09,
40.591,0.09,
40.604,0.08,
40.617,0.09,
40.631,0.09,
40.645,0.09,
