0,900
1,900
2,900
4,900
5,899
6,899
8,899
9,899
10,899
12,899
13,898
16,898
24,896
32,895
40,894
50,893
58,892
66,890
74,889
82,889
91,887
99,886
107,884
117,883
126,881
136,880
145,879
154,878
163,877
173,875
183,874
192,873
201,871
210,870
220,869
229,867
238,866
248,865
258,863
267,862
276,861
285,860
294,858
304,857
314,856
323,854
332,853
342,852
351,850
360,849
369,848
379,846
389,845
398,844
407,842
416,842
425,841
435,839
445,838
454,836
463,836
473,833
482,833
491,831
500,830
510,829
520,828
529,826
538,825
547,824
557,823
566,822
576,820
585,819
594,818
604,817
613,815
622,815
631,813
641,812
651,811
660,809
669,809
678,807
688,806
697,804
706,804
716,803
726,801
735,800
744,799
753,798
762,796
772,795
782,794
791,793
800,792
809,790
819,789
828,787
837,787
847,786
857,784
866,784
875,782
884,781
893,780
903,779
913,777
922,776
931,775
941,774
950,772
959,772
968,771
978,769
988,768
997,767
1006,766
1016,765
1027,764
1037,762
1048,761
1058,760
1069,758
1079,757
1089,756
1099,754
1111,753
1121,752
1131,751
1141,750
1152,748
1162,747
1172,746
1183,745
1193,744
1204,742
1214,741
1224,740
1234,739
1246,738
1256,736
1266,735
1276,734
1287,733
1297,732
1308,730
1318,729
1329,728
1339,726
1349,725
1359,724
1370,723
1381,722
1391,721
1401,720
1412,719
1422,717
1432,717
1443,715
1454,714
1464,712
1474,711
1484,711
1495,709
1505,708
1516,707
1526,706
1537,705
1547,703
1557,702
1567,701
1579,700
1589,699
1599,698
1609,697
1619,695
1630,694
1641,693
1651,692
1661,691
1672,690
1682,689
1692,688
1702,686
1714,685
1724,684
1734,683
1744,682
1755,681
1765,680
1776,679
1786,678
1797,677
1807,675
1817,675
1827,674
1838,673
1849,672
1859,671
1869,669
1880,669
1890,668
1900,667
1911,666
1922,665
1932,664
1942,662
1952,662
1963,661
1974,659
1984,658
1994,658
2004,656
2015,655
2025,654
2035,653
2046,652
2057,652
2067,650
2077,649
2087,648
2098,647
2109,646
2119,645
2129,644
2140,643
2150,642
2160,641
2170,640
2182,638
2192,637
2202,637
2212,635
2223,634
2233,633
2244,632
2254,631
2265,630
2275,629
2285,628
2295,627
2307,626
2317,625
2327,624
2337,623
2348,622
2358,621
2368,620
2379,619
2390,618
2400,617
2410,616
2420,615
2430,614
2442,613
2452,612
2462,611
2472,610
2483,609
2493,608
2503,607
2514,606
2525,605
2535,604
2545,603
2555,601
2566,602
2577,600
2587,599
2597,598
2608,597
2618,596
2628,595
2639,594
2650,593
2660,592
2670,591
2680,590
2691,590
2701,589
2712,588
2722,587
2733,586
2743,584
2753,584
2763,583
2775,582
2785,582
2795,580
2805,579
2816,578
2826,577
2836,576
2847,575
2857,574
2868,574
2878,573
2888,572
2898,571
2910,570
2920,569
2930,569
2940,568
2951,567
2961,566
2972,565
2982,564
2993,563
3003,562
3013,561
3023,560
3034,560
3045,559
3055,558
3065,557
3076,556
3086,555
3096,554
3107,553
3118,553
3128,552
3138,551
3148,550
3159,549
3169,548
3180,547
3190,547
3201,545
3211,545
3221,544
3231,543
3243,543
3253,541
3263,541
3273,540
3283,539
3294,538
3305,537
3315,536
3325,535
3336,534
3346,534
3356,533
3366,532
3378,531
3388,530
3398,530
3408,529
3419,528
3429,527
3440,526
3450,526
3461,525
3471,523
3481,523
3491,522
3502,522
3513,520
3523,521
3533,519
3544,518
3554,518
3564,517
3575,516
3586,515
3596,514
3606,514
3616,513
3627,512
3638,511
3648,510
3658,509
3668,508
3679,508
3689,507
3699,506
3710,505
3721,505
3731,504
3741,503
3751,502
3762,502
3773,501
3783,500
3793,499
3804,498
3814,498
3824,497
3834,496
3846,495
3856,495
3866,494
3876,493
3887,492
3897,491
3908,491
3918,490
3929,489
3939,489
3949,488
3959,487
3971,487
3981,485
3991,485
4001,484
4012,483
4022,483
4032,481
4043,481
4054,480
4064,479
4074,479
4084,477
4094,477
4106,477
4116,476
4126,475
4136,475
4147,473
4157,473
4167,472
4178,471
4189,471
4199,470
4209,469
4219,468
4230,468
4241,467
4251,467
4261,466
4272,465
4282,465
4292,463
4303,463
4314,462
4324,461
4334,461
4344,460
4355,459
4365,459
4376,458
4386,458
4397,456
4407,456
4417,455
4427,455
4439,453
4449,453
4459,453
4469,451
4480,451
4490,450
4500,449
4511,449
4521,448
4532,447
4542,447
4552,446
4562,446
4574,445
4584,444
4594,443
4604,442
4615,443
4625,442
4636,441
4646,440
4657,440
4667,439
4677,438
4687,438
4698,437
4709,436
4719,436
4729,434
4740,434
4750,433
4760,432
4771,432
4782,432
4792,431
4802,430
4812,429
4823,429
4833,428
4844,428
4854,427
4865,427
4875,425
4885,425
4895,425
4907,424
4917,424
4927,423
4937,422
4947,421
4958,420
4969,420
4979,419
4989,419
5000,418
5010,417
5020,417
5030,416
5042,416
5052,416
5062,414
5072,414
5083,413
5093,413
5104,411
5114,411
5125,411
5135,410
5145,410
5155,409
5166,408
5177,407
5187,407
5197,407
5208,406
5218,405
5228,405
5239,405
5250,403
5260,403
5270,402
5280,401
5291,401
5302,400
5312,400
5322,399
5332,399
5343,398
5353,398
5363,398
5374,397
5385,396
5395,395
5405,394
5415,394
5426,394
5437,393
5447,392
5457,392
5468,391
5478,391
5488,390
5498,389
5510,388
5520,388
5530,387
5540,387
5551,387
5561,385
5572,386
5582,385
5593,385
5603,383
5613,383
5623,382
5635,382
5645,381
5655,381
5665,380
5676,379
5686,379
5696,379
5707,378
5718,377
5728,377
5738,376
5748,376
5758,375
5770,375
5780,374
5790,374
5800,373
5811,372
5821,372
5831,371
5842,371
5853,371
5863,370
5873,369
5883,369
5894,368
5905,367
5915,367
5925,367
5936,366
5946,366
5956,365
5967,365
5978,364
5988,364
5998,362
6008,362
6019,362
6029,361
6040,360
6050,360
6061,359
6071,359
6081,359
6091,358
6103,358
6113,357
6123,356
6133,357
6144,356
6154,354
6164,355
6175,354
6185,353
6196,352
6206,353
6216,352
6226,351
6238,351
6248,351
6258,349
6268,349
6279,349
6289,349
6300,348
6310,347
6321,347
6331,346
6341,346
6351,345
6362,344
6373,344
6383,343
6393,342
6404,342
6414,342
6424,341
6435,341
6446,341
6456,340
6466,340
6476,339
6487,339
6497,338
6508,337
6518,338
6529,337
6539,336
6549,336
6559,335
6571,334
6581,334
6591,333
6601,333
6611,332
6622,332
6633,332
6643,331
6653,331
6664,331
6674,330
6684,330
6694,329
6706,328
6716,328
6726,328
6736,327
6747,327
6757,326
6768,326
6778,325
6789,325
6799,324
6809,324
6819,324
6830,323
6841,322
6851,322
6861,322
6872,321
6882,321
6892,320
6903,320
6914,320
6924,319
6934,319
6944,317
6955,317
6966,317
6976,317
6986,316
6996,315
7007,315
7017,315
7027,314
7038,314
7049,313
7059,313
7069,313
7079,312
7090,311
7101,311
7111,310
7121,310
7132,310
7142,309
7152,309
7162,308
7174,308
7184,308
7194,307
7204,306
7215,306
7225,305
7236,304
7246,304
7257,304
7267,304
7277,303
7287,304
7299,303
7309,302
7319,302
7329,302
7340,301
7350,300
7360,300
7371,300
7382,299
7392,299
7402,299
7412,298
7422,297
7434,297
7444,297
7454,297
7464,295
7475,295
7485,295
7495,295
7506,294
7517,294
7527,293
7537,293
7547,292
7558,292
7569,291
7579,291
7589,291
7600,290
7610,289
7620,290
7631,289
7642,289
7652,288
7662,288
7672,288
7683,287
7693,287
7704,287
7714,286
7725,285
7735,285
7745,285
7755,284
7767,284
7777,283
7787,283
7797,283
7808,282
7818,282
7828,281
7839,281
7849,281
7860,280
7870,280
7880,280
7890,279
7902,279
7912,278
7922,278
7932,277
7943,277
7953,277
7964,277
7974,276
7985,276
7995,275
8005,275
8015,274
8026,274
8037,274
8047,273
8057,273
8068,273
8078,272
8088,272
8099,271
8110,271
8120,270
8130,270
8140,270
8151,270
8161,269
8172,269
8182,269
8193,268
8203,268
8213,267
8223,267
8235,267
8245,266
8255,266
8265,265
8275,265
8286,265
8297,264
8307,264
8317,264
8328,264
8338,262
8348,263
8358,262
8370,262
8380,261
8390,261
8400,261
8411,261
8421,260
8432,260
8442,259
8453,258
8463,258
8473,258
8483,258
8494,257
8505,257
8515,257
8525,257
8536,256
8546,256
8556,256
8567,255
8578,254
8588,254
8598,254
8608,254
8619,253
8630,253
8640,252
8650,252
8660,251
8671,251
8681,251
8691,251
8702,250
8713,250
8723,249
8733,250
8743,249
8754,249
8765,248
8775,247
8785,248
8796,247
8806,247
8816,247
8826,247
8838,246
8848,245
8858,245
8868,245
8879,245
8889,245
8900,244
8910,243
8921,243
8931,243
8941,242
8951,242
8963,242
8973,241
8983,241
8993,241
9004,240
9014,240
9024,239
9035,240
9046,240
9056,239
9066,239
9076,238
9086,238
9098,238
9108,237
9118,237
9128,237
9139,237
9149,236
9159,236
9170,235
9181,235
9191,234
9201,234
9211,234
9222,233
9233,233
9243,233
9253,233
9264,233
9274,232
9284,232
9295,232
9306,231
9316,230
9326,230
9336,230
9347,230
9357,230
9368,229
9378,229
9389,229
9399,228
9409,228
9419,228
9431,228
9441,227
9451,227
9461,226
9472,226
9482,226
9492,225
9503,225
9513,225
9524,225
9534,224
9544,224
9554,223
9566,224
9576,224
9586,223
9596,222
9607,223
9617,222
9628,222
9638,221
9649,221
9659,221
9669,220
9679,220
9690,220
9701,220
9711,220
9721,219
9732,218
9742,218
9752,218
9763,218
9774,217
9784,217
9794,217
9804,217
9815,216
9825,216
9836,215
9846,216
9857,215
9867,215
9877,215
9887,215
9899,214
9909,214
9919,213
9929,214
9939,213
9950,213
9961,213
9971,212
9981,212
9992,211
10002,211
10013,211
10024,211
10037,210
10048,210
10059,210
10071,210
10082,209
10094,209
10105,208
10117,208
10128,208
10139,208
10150,208
10163,207
10174,207
10185,207
10196,206
10208,206
10219,205
10231,205
10243,205
10254,205
10265,204
10276,204
10288,203
10300,204
10311,203
10322,203
10334,203
10345,202
10356,202
10369,201
10380,201
10391,201
10402,201
10414,200
10425,201
10437,200
10448,200
10460,199
10471,200
10482,199
10494,199
10506,198
10517,198
10528,198
10540,197
10551,197
10563,197
10574,196
10586,196
10597,196
10608,196
10619,195
10632,195
10643,195
10654,195
10665,194
10677,194
10688,194
10700,193
10712,193
10723,193
10734,193
10745,192
10757,192
10769,192
10780,192
10791,191
10803,191
10814,191
10826,190
10838,190
10849,189
10860,189
10871,189
10883,189
10895,188
10906,188
10917,188
10929,188
10940,188
10951,187
10963,187
10975,187
10986,186
10997,186
11009,186
11020,186
11032,186
11043,185
11055,185
11066,185
11077,185
11088,184
11101,184
11112,184
11123,184
11134,183
11146,183
11157,183
11169,182
11181,182
11192,182
11203,182
11214,181
11227,181
11238,180
11249,180
11260,180
11272,180
11283,180
11295,179
11307,179
11318,179
11329,179
11340,179
11352,178
11364,178
11375,178
11386,177
11398,177
11409,176
11420,177
11432,176
11444,176
11455,176
11466,175
11478,175
11489,175
11501,175
11512,175
11524,174
11535,174
11546,174
11558,174
11570,173
11581,173
11592,173
11603,173
11615,172
11627,172
11638,172
11650,172
11661,172
11672,171
11683,171
11696,171
11707,170
11718,170
11729,170
11741,170
11752,170
11764,169
11776,170
11787,169
11798,169
11809,169
11821,168
11833,168
11844,168
11855,168
11867,167
11878,168
11889,167
11901,167
11913,166
11924,166
11935,166
11947,166
11959,165
11970,166
11981,165
11993,165
12004,165
12015,165
12027,164
12039,164
12050,163
12061,163
12072,163
12084,162
12096,163
12107,163
12119,163
12130,162
12141,162
12152,162
12165,161
12176,161
12187,161
12198,161
12210,160
12221,160
12233,160
12244,159
12256,160
12267,160
12278,159
12291,159
12302,159
12313,159
12324,158
12336,158
12347,158
12359,159
12370,157
12382,157
12393,157
12404,156
12416,157
12428,157
12439,156
12450,156
12462,156
12473,155
12484,155
12496,156
12508,155
12519,155
12530,155
12541,155
12553,154
12565,154
12576,154
12588,153
12599,154
12610,153
12621,153
12634,153
12645,153
12656,153
12667,152
12679,152
12691,152
12702,151
12713,151
12725,151
12736,151
12747,151
12760,151
12771,150
12782,150
12793,149
12805,150
12816,150
12828,149
12839,150
12851,149
12862,149
12873,148
12884,148
12897,148
12908,148
12919,148
12931,147
12942,147
12953,147
12965,147
12977,146
12988,146
12999,146
13010,146
13023,146
13034,145
13045,145
13057,145
13068,146
13079,145
13091,144
13103,145
13114,145
13125,144
13136,144
13148,144
13160,144
13171,143
13182,143
13194,143
13205,143
13216,142
13229,142
13240,142
13251,141
13262,142
13274,142
13285,142
13297,141
13308,141
13320,141
13331,141
13342,141
13353,140
13366,140
13377,140
13388,140
13400,140
13411,139
13423,139
13434,139
13446,138
13457,139
13468,139
13479,139
13492,138
13503,138
13514,138
13526,138
13537,138
13548,138
13560,137
13572,137
13583,137
13594,136
13605,137
13617,136
13629,136
13640,136
13651,136
13663,136
13674,136
13685,136
13698,135
13709,135
13720,135
13731,135
13743,135
13755,134
13766,134
13777,134
13789,133
13800,133
13811,133
13824,133
13835,133
13846,133
13857,133
13869,132
13880,132
13892,132
13903,132
13915,132
13926,131
13937,131
13948,131
13961,131
13972,131
13983,130
13995,130
14006,130
14017,130
14029,130
14041,130
14052,129
14063,129
14074,129
14086,129
14098,129
14109,128
14120,129
14132,128
14143,128
14155,128
14167,128
14178,128
14189,128
14200,127
14212,127
14224,128
14235,127
14246,128
14258,126
14269,127
14280,126
14292,126
14304,126
14315,126
14326,126
14338,125
14349,125
14361,125
14372,125
14384,125
14395,124
14406,124
14417,124
14430,124
14441,124
14452,123
14464,123
14475,123
14487,123
14498,123
14510,123
14521,123
14532,122
14543,122
14556,123
14567,122
14578,122
14589,122
14601,121
14612,122
14624,121
14636,121
14647,120
14658,120
14669,121
14681,120
14693,120
14704,120
14715,120
14727,120
14738,119
14749,120
14761,119
14773,119
14784,119
14795,119
14807,119
14818,119
14830,118
14841,118
14853,118
14864,118
14875,117
14887,118
14899,117
14910,118
14921,117
14932,117
14944,116
14956,117
14967,116
14979,117
14990,116
15001,116
15012,116
15025,116
15036,116
15047,115
15058,115
15070,115
15081,115
15093,114
15105,114
15116,115
15127,114
15138,114
15150,115
15162,114
15173,114
15184,114
15196,113
15207,113
15219,113
15230,114
15242,113
15253,113
15264,113
15276,113
15288,113
15299,112
15310,112
15322,112
15333,112
15344,112
15356,112
15368,112
15379,112
15390,111
15401,111
15413,111
15425,110
15436,111
15448,110
15459,110
15470,110
15481,110
15494,110
15505,110
15516,110
15527,109
15539,110
15550,109
15562,109
15574,109
15585,109
15596,108
15607,109
15620,108
15631,109
15642,108
15653,108
15665,108
15676,108
15688,108
15699,108
15711,107
15722,108
15733,107
15745,107
15757,107
15768,107
15779,107
15791,107
15802,107
15813,106
15825,106
15837,106
15848,107
15859,106
15870,106
15882,106
15894,106
15905,106
15917,106
15928,106
15939,105
15951,105
15963,105
15974,104
15985,104
15996,104
16008,104
16020,104
16031,104
16043,103
16054,104
16065,103
16076,103
16089,103
16100,103
16111,103
16122,102
16134,103
16145,102
16157,102
16168,102
16180,103
16191,102
16202,102
16214,102
16226,101
16237,101
16248,101
16260,101
16271,101
16282,101
16294,101
16306,100
16317,101
16328,100
16339,100
16352,100
16363,100
16374,99
16385,100
16396,100
16407,100
16419,100
16431,99
16441,99
16451,99
16461,99
16472,98
16482,98
16493,98
16503,99
16514,98
16524,98
16534,98
16544,98
16556,98
16566,97
16576,98
16586,97
16596,98
16607,97
16618,97
16628,98
16638,97
16649,97
16659,97
16669,97
16679,97
16691,97
16701,96
16711,96
16721,96
16732,97
16742,96
16753,96
16763,96
16774,96
16784,96
16794,95
16804,95
16815,95
16826,95
16836,95
16846,96
16857,95
16867,94
16877,95
16888,95
16899,95
16909,95
16919,95
16929,95
16940,94
16951,94
16961,94
16971,94
16982,94
16992,94
17002,93
17012,94
17024,94
17034,94
17044,94
17054,93
17064,93
17075,93
17086,93
17096,92
17106,92
17117,93
17127,92
17137,93
17147,92
17159,92
17169,92
17179,92
17189,92
17200,92
17210,92
17221,91
17231,91
17242,91
17252,91
17262,91
17272,91
17284,91
17294,90
17304,91
17314,90
17325,90
17335,90
17345,90
17356,90
17367,90
17377,90
17387,90
17397,90
17408,90
17419,90
17429,89
17439,89
17449,90
17460,89
17470,90
17480,90
17491,89
17502,89
17512,89
17522,89
17532,89
17543,88
17554,89
17564,88
17574,89
17585,88
17595,88
17605,89
17616,88
17627,88
17637,88
17647,88
17657,88
17668,88
17678,87
17689,87
17699,88
17710,87
17720,87
17730,87
17740,87
17752,87
17762,87
17772,87
17782,87
17793,87
17803,86
17813,87
17824,86
17835,86
17845,86
17855,86
17865,86
17875,86
17887,86
17897,86
17907,85
17917,85
17928,86
17938,86
17949,85
17959,85
17970,85
17980,85
17990,84
18000,84
18011,85
18022,84
18032,84
18042,85
18053,84
18063,85
18073,85
18084,84
18095,84
18105,84
18115,84
18125,84
18136,84
18146,84
18157,84
18167,83
18178,84
18188,84
18198,83
18208,83
18220,83
18230,84
18240,83
18250,83
18260,83
18271,83
18282,83
18292,83
18302,82
18313,83
18323,82
18333,82
18343,82
18355,82
18365,82
18375,82
18385,82
18396,82
18406,82
18417,81
18427,81
18438,82
18448,81
18458,81
18468,81
18479,81
18490,82
18500,81
18510,80
18521,81
18531,81
18541,81
18552,81
18563,81
18573,81
18583,80
18593,80
18604,80
18615,80
18625,80
18635,79
18646,80
18656,80
18666,80
18676,80
18688,80
18698,79
18708,79
18718,79
18728,79
18739,79
18750,79
18760,79
18770,79
18781,79
18791,79
18801,79
18811,79
18823,78
18833,78
18843,78
18853,78
18864,78
18874,78
18885,78
18895,78
18906,78
18916,77
18926,78
18936,78
18948,77
18958,77
18968,77
18978,77
18989,77
18999,77
19009,77
19020,77
19031,76
19041,77
19051,77
19061,76
19072,77
19083,76
19093,76
19103,76
19113,76
19124,76
19134,76
19144,75
19155,76
19166,76
19176,75
19186,76
19196,75
19207,75
19218,75
19228,75
19238,75
19249,75
19259,75
19269,75
19280,74
19291,74
19301,75
19311,75
19321,74
19332,74
19342,74
19353,75
19363,75
19374,74
19384,74
19394,74
19404,74
19416,73
19426,74
19436,74
19446,73
19457,73
19467,74
19477,73
19488,73
19499,73
19509,73
19519,73
19529,73
19539,74
19551,72
19561,72
19571,73
19581,72
19592,73
19602,72
19613,72
19623,73
19634,73
19644,73
19654,72
19664,72
19675,72
19686,72
19696,71
19706,72
19717,71
19727,72
19737,72
19748,71
19759,71
19769,71
19779,71
19789,71
19800,71
19810,70
19821,70
19831,70
19842,70
19852,70
19862,70
19872,71
19884,70
19894,70
19904,70
19914,70
19924,70
19935,70
19946,70
19956,70
19966,70
19977,70
19987,70
19997,70
20007,70
20019,70
20029,70
20039,70
20049,69
20060,70
20070,69
20081,69
20091,69
20102,70
20112,69
20122,69
20132,69
20143,70
20154,69
20164,69
20174,69
20185,69
20195,68
20205,68
20216,68
20227,68
20237,69
20247,68
20257,68
20268,68
20279,68
20289,68
20299,69
20310,68
20320,68
20330,68
20340,68
20352,68
20362,68
20372,68
20382,67
20392,67
20403,68
20414,67
20424,67
20434,67
20445,67
20455,67
20465,67
20475,67
20487,67
20497,67
20507,66
20517,67
20528,67
20538,66
20549,66
20559,66
20570,66
20580,66
20590,66
20600,66
20612,66
20622,66
20632,66
20642,66
20653,66
20663,66
20673,66
20684,66
20695,66
20705,66
20715,66
20725,66
20736,66
20747,66
20757,65
20767,66
20777,66
20788,65
20798,65
20808,65
20819,65
20830,65
20840,65
20850,65
20860,65
20871,65
20882,65
20892,64
20902,65
20913,64
20923,64
20933,64
20944,64
20955,64
20965,64
20975,64
20985,64
20996,64
21006,64
21017,64
21027,64
21038,64
21048,63
21058,63
21068,63
21080,63
21090,62
21100,64
21110,62
21121,63
21131,63
21141,62
21152,63
21163,62
21173,63
21183,63
21193,62
21203,63
21215,62
21225,62
21235,62
21245,62
21256,63
21266,62
21277,62
21287,62
21298,62
21308,62
21318,63
21328,62
21339,62
21350,62
21360,62
21370,62
21381,61
21391,62
21401,62
21412,61
21423,61
21433,61
21443,62
21453,61
21464,61
21474,61
21485,61
21495,61
21506,61
21516,61
21526,60
21536,61
21548,61
21558,61
21568,60
21578,60
21588,61
21599,61
21610,60
21620,60
21630,60
21641,60
21651,60
21661,60
21671,60
21683,60
21693,59
21703,60
21713,60
21724,59
21734,59
21745,59
21755,60
21766,59
21776,59
21786,59
21796,59
21807,59
21818,59
21828,59
21838,59
21849,59
21859,58
21869,59
21880,59
21891,59
21901,59
21911,58
21921,59
21932,58
21943,58
21953,59
21963,59
21974,58
21984,59
21994,58
22004,59
22016,59
22026,58
22036,58
22046,58
22056,58
22067,58
22078,58
22088,58
22098,58
22109,58
22119,58
22129,58
22139,57
22151,58
22161,57
22171,58
22181,57
22192,58
22202,57
22213,57
22223,57
22234,57
22244,57
22254,57
22264,57
22276,56
22286,57
22296,57
22306,57
22317,57
22327,57
22337,57
22348,57
22359,57
22369,57
22379,56
22389,56
22400,56
22411,56
22421,56
22431,55
22441,56
22452,56
22462,56
22472,55
22483,56
22494,56
22504,55
22514,56
22524,56
22535,56
22546,56
22556,56
22566,56
22577,56
22587,56
22597,55
22608,54
22619,55
22629,56
22639,55
22649,55
22660,55
22670,55
22681,54
22691,55
22702,54
22712,55
22722,55
22732,54
22744,55
22754,54
22764,55
22774,55
22785,55
22795,55
22805,54
22816,55
22827,54
22837,54
22847,54
22857,54
22867,54
22879,54
22889,54
22899,54
22909,54
22920,54
22930,54
22941,54
22951,54
22962,54
22972,54
22982,54
22992,53
23003,54
23014,54
23024,53
23034,54
23045,53
23055,53
23065,54
23076,53
23087,53
23097,53
23107,53
23117,54
23128,53
23138,53
23149,53
23159,53
23170,53
23180,53
23190,52
23200,53
23212,52
23222,52
23232,53
23242,53
23252,53
23263,52
23274,52
23284,53
23294,52
23305,52
23315,52
23325,52
23335,52
23347,53
23357,52
23367,52
23377,52
23388,52
23398,52
23409,52
23419,52
23430,52
23440,51
23450,51
23460,52
23471,51
23482,51
23492,51
23502,51
23513,51
23523,52
23533,51
23544,51
23555,51
23565,51
23575,51
23585,51
23596,51
23607,51
23617,51
23627,51
23638,51
23648,51
23658,51
23668,51
23680,50
23690,51
23700,50
23710,51
23720,51
23731,50
23742,51
23752,51
23762,51
23773,51
23783,50
23793,50
23803,50
23815,50
23825,50
23835,50
23845,50
23856,49
23866,50
23877,50
23887,50
23898,50
23908,49
23918,50
23928,49
23940,50
23950,49
23960,49
23970,49
23981,49
23991,50
24001,50
24012,50
24023,50
24033,50
24043,50
24053,49
24064,49
24075,50
24085,49
24095,49
24105,49
24116,48
24126,48
24136,49
24147,48
24158,49
24168,49
24178,49
24188,49
24199,49
24210,48
24220,49
24230,50
24241,48
24251,48
24261,48
24272,49
24283,48
24293,48
24303,48
24313,48
24324,48
24334,49
24345,48
24355,48
24366,48
24376,48
24386,48
24396,48
24408,48
24418,48
24428,48
24438,48
24449,48
24459,47
24469,48
24480,47
24491,48
24501,48
24511,48
24521,48
24531,48
24543,48
24553,48
24563,47
24573,48
24584,47
24594,47
24605,47
24615,47
24626,48
24636,47
24646,47
24656,46
24667,47
24678,47
24688,47
24698,47
24709,47
24719,46
24729,46
24740,47
24751,47
24761,46
24771,47
24781,47
24792,46
24802,47
24813,47
24823,46
24834,46
24844,46
24854,46
24864,46
24876,46
24886,46
24896,47
24906,46
24916,46
24927,46
24938,46
24948,46
24958,47
24969,45
24979,46
24989,45
24999,45
25011,46
25021,45
25031,46
25041,46
25052,45
25062,46
25073,45
25083,46
25094,45
25104,45
25114,45
25124,46
25135,45
25146,45
25156,45
25166,45
25177,45
25187,45
25197,45
25208,45
25219,45
25229,45
25239,45
25249,45
25260,45
25271,45
25281,45
25291,44
25302,45
25312,44
25322,45
25332,44
25344,45
25354,45
25364,44
25374,45
25384,45
25395,45
25406,45
25416,44
25426,45
25437,44
25447,45
25457,45
25467,45
25479,44
25489,44
25499,44
25509,44
25520,44
25530,44
25541,44
25551,44
25562,44
25572,44
25582,44
25592,44
25604,44
25614,44
25624,44
25634,44
25645,44
25655,43
25665,44
25676,43
25687,43
25697,43
25707,43
25717,44
25728,44
25739,43
25749,43
25759,44
25769,44
25780,43
25790,43
25800,43
25811,43
25822,43
25832,43
25842,43
25852,43
25863,43
25874,43
25884,43
25894,42
25905,43
25915,42
25925,43
25936,43
25947,42
25957,42
25967,42
25977,42
25988,43
25998,42
26009,42
26019,42
26030,43
26040,43
26050,42
26060,43
26072,42
26082,42
26092,43
26102,42
26113,42
26123,42
26133,41
26144,43
26155,42
26165,42
26175,42
26185,42
26195,42
26207,42
26217,42
26227,41
26237,41
26248,41
26258,41
26269,41
26279,42
26290,42
26300,42
26310,41
26320,41
26331,42
26342,41
26352,41
26362,40
26373,41
26383,41
26393,41
26404,42
26415,42
26425,41
26435,41
26445,41
26456,41
26466,41
26477,41
26487,40
26498,41
26508,42
26518,40
26528,41
26540,40
26550,41
26560,41
26570,41
26580,41
26591,40
26602,40
26612,40
26622,40
26633,40
26643,40
26653,41
26663,40
26675,40
26685,41
26695,40
26705,41
26716,41
26726,40
26737,41
26747,40
26758,40
26768,40
26778,40
26788,40
26799,39
26810,40
26820,40
26830,40
26841,40
26851,39
26861,40
26872,40
26883,40
26893,40
26903,40
26913,39
26924,40
26935,40
26945,40
26955,39
26966,40
26976,39
26986,39
26996,40
27008,40
27018,40
27028,40
27038,39
27048,39
27059,39
27070,39
27080,39
27090,40
27101,39
27111,39
27121,39
27131,39
27143,39
27153,39
27163,38
27173,39
27184,39
27194,38
27205,39
27215,38
27226,39
27236,38
27246,38
27256,38
27268,39
27278,38
27288,39
27298,38
27309,39
27319,38
27329,39
27340,39
27351,39
27361,39
27371,38
27381,39
27392,39
27403,38
27413,38
27423,38
27433,39
27444,38
27454,39
27464,38
27475,38
27486,38
27496,38
27506,38
27516,38
27527,38
27538,38
27548,38
27558,38
27569,38
27579,38
27589,38
27600,38
27611,38
27621,38
27631,37
27641,37
27652,37
27662,37
27673,38
27683,38
27694,38
27704,38
27714,37
27724,37
27736,38
27746,37
27756,38
27766,37
27777,38
27787,37
27797,37
27808,37
27819,37
27829,37
27839,37
27849,37
27859,37
27871,37
27881,37
27891,38
27901,37
27912,37
27922,36
27933,37
27943,37
27954,36
27964,37
27974,37
27984,37
27995,36
28006,37
28016,36
28026,37
28037,37
28047,36
28057,37
28068,37
28079,37
28089,37
28099,36
28109,36
28120,37
28130,37
28141,37
28151,36
28162,37
28172,37
28182,36
28192,36
28204,37
28214,37
28224,36
28234,37
28244,36
28255,36
28266,36
28276,36
28286,36
28297,36
28307,36
28317,37
28327,36
28339,36
28349,36
28359,36
28369,37
28380,37
28390,36
28401,36
28411,36
28422,36
28432,36
28442,36
28452,36
28463,36
28474,36
28484,36
28494,36
28505,36
28515,36
28525,36
28536,36
28547,36
28557,35
28567,36
28577,36
28588,36
28599,35
28609,35
28619,36
28630,36
28640,35
28650,35
28660,36
28672,35
28682,35
28692,35
28702,35
28712,35
28723,34
28734,35
28744,35
28754,35
28765,35
28775,35
28785,35
28795,35
28807,36
28817,35
28827,35
28837,35
28848,34
28858,35
28869,35
28879,35
28890,35
28900,35
28910,34
28920,35
28932,35
28942,35
28952,35
28962,35
28973,34
28983,36
28993,34
29004,35
29015,35
29025,34
29035,35
29045,34
29056,35
29067,34
29077,35
29087,34
29097,34
29108,34
29118,35
29128,34
29139,34
29150,35
29160,34
29170,35
29180,34
29191,35
29202,34
29212,34
29222,34
29233,34
29243,34
29253,34
29264,34
29275,34
29285,34
29295,34
29305,34
29316,34
29326,34
29337,34
29347,34
29358,34
29368,34
29378,33
29388,33
29400,33
29410,34
29420,33
29430,33
29441,33
29451,34
29461,34
29472,33
29483,33
29493,33
29503,34
29513,33
29523,33
29535,34
29545,33
29555,33
29565,34
29576,33
29586,33
29597,33
29607,33
29618,34
29628,33
29638,33
29648,32
29659,33
29670,33
29680,33
29690,32
29701,33
29711,33
29721,32
29732,33
29743,33
29753,33
29763,33
29773,33
29784,33
29794,33
29805,33
29815,33
29826,32
29836,33
29846,33
29856,32
29868,32
29878,32
29888,32
29898,32
29908,32
29919,33
29930,32
29940,32
29950,32
29961,32
29971,32
29981,32
29991,32
30003,32
30013,32
30023,32
30033,32
30044,32
30054,32
30065,32
30075,32
30086,32
30096,32
30106,32
30116,32
30127,32
30138,32
30148,32
30158,32
30169,32
30179,32
30189,32
30200,32
30211,32
30221,32
30231,32
30241,32
30252,32
30263,32
30273,32
30283,32
30294,32
30304,32
30314,32
30324,31
30336,31
30346,31
30356,32
30366,31
30376,31
30387,32
30398,31
30408,32
30418,31
30429,31
30439,32
30449,32
30459,31
30471,31
30481,31
30491,31
30501,32
30512,31
30522,31
30533,31
30543,31
30554,30
30564,31
30574,31
30584,30
30596,30
30606,30
30616,31
30626,30
30637,30
30647,31
30657,31
30668,31
30679,31
30689,31
30699,32
30709,31
30720,31
30731,31
30741,30
30751,31
30761,30
30772,31
30782,31
30792,30
30803,31
30814,32
30824,31
30834,30
30844,31
30855,31
30866,31
30876,31
30886,30
30897,31
30907,30
30917,31
30928,30
30939,30
30949,31
30959,31
30969,30
30980,31
30990,30
31001,30
31011,31
31022,30
31032,30
31042,30
31052,30
31064,31
31074,30
31084,30
31094,29
31105,30
31115,30
31125,30
31136,30
31147,30
31157,30
31167,30
31177,30
31187,29
31199,30
31209,30
31219,30
31229,30
31240,30
31250,29
31261,30
31271,30
31282,29
31292,30
31302,29
31312,30
31323,30
31334,30
31344,29
31354,29
31365,30
31375,29
31385,29
31396,30
31407,30
31417,29
31427,29
31437,29
31448,30
31458,30
31469,31
31479,29
31490,29
31500,29
31510,29
31520,30
31532,30
31542,29
31552,30
31562,29
31572,30
31583,29
31594,29
31604,29
31614,29
31625,29
31635,29
31645,29
31655,29
31667,29
31677,29
31687,29
31697,30
31708,28
31718,29
31729,29
31739,29
31750,29
31760,29
31770,29
31780,29
31791,29
31802,29
31812,30
31822,29
31833,29
31843,28
31853,29
31864,29
31875,30
31885,28
31895,30
31905,29
31916,29
31927,29
31937,29
31947,29
31958,29
31968,29
31978,29
31988,29
32000,29
32010,28
32020,29
32030,29
32040,28
32051,29
32062,29
32072,29
32082,29
32093,29
32103,28
32113,28
32123,29
32135,28
32145,29
32155,28
32165,28
32176,29
32186,29
32197,28
32207,28
32218,28
32228,28
32238,28
32248,29
32260,28
32270,28
32280,28
32290,28
32301,28
32311,28
32321,28
32332,28
32343,28
32353,28
32363,28
32373,28
32384,29
32395,28
32405,29
32415,28
32425,28
32436,28
32446,28
32456,29
32467,28
32478,28
32488,28
32498,28
32508,29
32519,28
32530,28
32540,28
32550,28
32561,28
32571,28
32581,27
32592,28
32603,28
32613,28
32623,28
32633,27
32644,27
32654,27
32665,28
32675,28
32686,27
32696,28
32706,27
32716,26
32728,28
32738,27
32748,27
32758,27
32769,28
32779,27
32789,28
32800,28
32811,28
32821,27
32831,27
32841,28
32851,27
32863,27
32873,27
32883,26
32893,27
32904,27
32914,27
32925,27
32935,27
32946,27
32956,27
32966,27
32976,27
32987,26
32998,27
33008,27
33018,27
33029,26
33039,27
33049,27
33060,27
33071,27
33081,27
33091,27
33101,27
33112,27
33122,27
33133,27
33143,26
33154,26
33164,27
33174,26
33184,26
33196,27
33206,27
33216,26
33226,27
33236,27
33247,27
33258,27
33268,27
33278,26
33289,27
